x-coordinate,y-coordinate,z-coordinate,pressure,x-velocity,y-velocity,z-velocity,temperature,incident-radiation,radiation-temperature,rad-heat-flux,vr,pmv
0.3209506869,-0.4577677846,0.9420670271,13.45839251,-0.2441837362,0.3094823479,-0.187584172,286.6265866,1544.793656,287.2762317,0.0,0.446,-5.89
0.3328491449,-0.4601736963,0.9397227764,13.46358721,-0.2780499028,0.3894764259,-0.03837033003,286.5336083,1546.76253,287.3677229,0.0,0.49,-6.04
0.3209506571,-0.439178884,0.9213413,13.42539303,-0.2024947266,0.4640711249,-0.114963512,286.5193374,1548.892078,287.4665823,0.0,0.529,-6.15
0.3316859305,-0.4409832656,0.9190564752,13.42595771,-0.2078928929,0.4745228014,0.04299071789,286.2335153,1547.410535,287.3978159,0.0,0.529,-6.24
0.3536373675,-0.4587295055,0.9215302467,13.46046522,-0.1807909927,0.4186404197,0.1856706783,285.9775656,1549.607911,287.4997903,0.0,0.502,-6.23
0.3533726931,-0.4785759449,0.9407897592,13.50361047,-0.2380399234,0.3521818657,0.02488766276,286.5677038,1547.623621,287.4077094,0.0,0.435,-5.86
0.3518177271,-0.4407023191,0.8996796012,13.42371282,-0.03470485376,0.3480242071,0.2202806769,286.2277987,1555.230565,287.7602299,0.0,0.423,-5.87
0.3423299789,-0.5129436851,0.9678411484,13.54571916,-0.1341427255,0.09110468505,-0.284485435,286.6487979,1531.892696,286.6745652,0.0,0.337,-5.58
0.3543876708,-0.5148834586,0.9611361027,13.55179355,-0.1428275502,0.1126788625,-0.2164395807,286.7209782,1540.107655,287.0581264,0.0,0.292,-5.33
0.3009506762,-0.4555479884,0.9442443252,13.47120695,-0.1851322167,0.2096752592,-0.2747027017,286.5839511,1544.115464,287.2446966,0.0,0.402,-5.77
0.3009506762,-0.437232554,0.923817873,13.44700247,-0.1606676974,0.3740443021,-0.205907369,286.5895015,1550.708443,287.5508223,0.0,0.466,-5.93
0.3225981891,-0.4717938304,0.9532396197,13.48716826,-0.1875829341,0.2436155784,-0.2570818176,286.6350601,1542.460814,287.167714,0.0,0.41,-5.79
0.3209506869,-0.4477677643,0.9313412905,13.44905083,-0.1927021181,0.4229953233,-0.1753155733,286.6162316,1548.831621,287.4637771,0.0,0.506,-6.05
0.3383525908,-0.4453961849,0.9190564752,13.44236866,-0.2220983497,0.470940135,-0.01448869326,286.3920948,1548.961209,287.4697899,0.0,0.53,-6.19
0.3442840278,-0.4520628452,0.9220582843,13.44236866,-0.2220983497,0.470940135,-0.01448869326,286.3920948,1548.961209,287.4697899,0.0,0.53,-6.19
0.3376173079,-0.453507036,0.9287249446,13.44236866,-0.2220983497,0.470940135,-0.01448869326,286.3920948,1548.961209,287.4697899,0.0,0.53,-6.19
0.3395158052,-0.4601736963,0.934863627,13.44236866,-0.2220983497,0.470940135,-0.01448869326,286.3920948,1548.961209,287.4697899,0.0,0.53,-6.19
0.3376173079,-0.4747329056,0.9484512806,13.48847931,-0.2337806191,0.3060803629,-0.1484544394,286.6915128,1544.053726,287.2418254,0.0,0.422,-5.8
0.3395158052,-0.4680662453,0.9419839978,13.48847931,-0.2337806191,0.3060803629,-0.1484544394,286.6915128,1544.053726,287.2418254,0.0,0.422,-5.8
0.3461824656,-0.4719092846,0.9407897592,13.48847931,-0.2337806191,0.3060803629,-0.1484544394,286.6915128,1544.053726,287.2418254,0.0,0.422,-5.8
0.3170298934,-0.4787234068,0.9604062438,13.49009253,-0.1889143862,0.1288161862,-0.2787378057,286.5764253,1539.570971,287.0331152,0.0,0.37,-5.68
0.3209506571,-0.431070447,0.9085285068,13.42333405,-0.08697457918,0.5028028435,-0.09617403097,286.5548495,1554.805099,287.7405472,0.0,0.529,-6.1
0.3376173079,-0.4358463287,0.9051951766,13.41174615,-0.0678763308,0.4745181128,0.06060417415,286.3439053,1555.30485,287.763666,0.0,0.493,-6.06
0.3442840278,-0.4402860105,0.9063462615,13.41174615,-0.0678763308,0.4745181128,0.06060417415,286.3439053,1555.30485,287.763666,0.0,0.493,-6.06
0.3383525908,-0.4409832656,0.9130129218,13.41174615,-0.0678763308,0.4745181128,0.06060417415,286.3439053,1555.30485,287.763666,0.0,0.493,-6.06
0.2809506655,-0.4212209582,0.8988893628,13.45772646,-0.07129736477,0.3648403084,-0.2143855685,286.576921,1562.786208,288.1090951,0.0,0.439,-5.78
0.2809506655,-0.4368798435,0.9242923856,13.46807401,-0.1282661193,0.254747867,-0.2551275293,286.5591542,1555.842125,287.7885145,0.0,0.392,-5.67
0.2929324508,-0.4212805033,0.8987690806,13.43660826,-0.06949017925,0.4677888666,-0.1523905989,286.5981861,1556.376388,287.8132174,0.0,0.506,-6.01
0.2809506655,-0.4551070929,0.9446872473,13.48648518,-0.1516297103,0.1114612225,-0.3127590884,286.5467489,1548.154102,287.432335,0.0,0.375,-5.66
0.3584843874,-0.4474976361,0.899679482,13.44118975,-0.07062167069,0.3701543223,0.2203522336,286.0749429,1561.95944,288.0709827,0.0,0.446,-5.96
0.3642840087,-0.4541642964,0.9004544616,13.44118975,-0.07062167069,0.3701543223,0.2203522336,286.0749429,1561.95944,288.0709827,0.0,0.446,-5.96
0.3576173484,-0.4520628452,0.9071211219,13.44118975,-0.07062167069,0.3701543223,0.2203522336,286.0749429,1561.95944,288.0709827,0.0,0.446,-5.96
0.3603040278,-0.4587295055,0.9126366973,13.44118975,-0.07062167069,0.3701543223,0.2203522336,286.0749429,1561.95944,288.0709827,0.0,0.446,-5.96
0.3603040278,-0.4665620625,0.9215303063,13.49119864,-0.1905674527,0.4182336446,0.1247387611,286.1502825,1554.778011,287.7392939,0.0,0.486,-6.1
0.3642840087,-0.4732287824,0.9229663014,13.49119864,-0.1905674527,0.4182336446,0.1247387611,286.1502825,1554.778011,287.7392939,0.0,0.486,-6.1
0.3576173484,-0.4719092846,0.9296329618,13.49119864,-0.1905674527,0.4182336446,0.1247387611,286.1502825,1554.778011,287.7392939,0.0,0.486,-6.1
0.3600393534,-0.4785759449,0.9332978725,13.49119864,-0.1905674527,0.4182336446,0.1247387611,286.1502825,1554.778011,287.7392939,0.0,0.486,-6.1
0.3577225506,-0.4913995564,0.9451352954,13.53268325,-0.2006549997,0.263635108,-0.09838522262,286.7710914,1547.746836,287.4134298,0.0,0.355,-5.52
0.3713735044,-0.4608309567,0.8993033767,13.47202359,-0.04492483983,0.2637991132,0.3471837525,285.8553957,1567.741745,288.3372199,0.0,0.448,-5.99
0.3718774021,-0.4798954427,0.9199645519,13.51877806,-0.1110170785,0.3415838922,0.2843695481,285.7961766,1562.548736,288.0981497,0.0,0.468,-6.11
0.354475379,-0.4385614693,0.8885285258,13.42909619,0.07772858122,0.2981294389,0.2156259952,286.5374275,1571.676723,288.517979,0.0,0.386,-5.56
0.332424134,-0.531611383,0.979388237,13.56407938,-0.09685031457,0.004872044625,-0.3348220626,286.6668296,1527.99458,286.4920199,0.0,0.358,-5.68
0.3165152371,-0.5175755024,0.9800153375,13.54534275,-0.120764934,-0.002847402022,-0.3437343783,286.6108491,1527.678947,286.4772239,0.0,0.374,-5.76
0.3561500609,-0.5309616923,0.9650197029,13.57286296,-0.1051956601,0.07215071173,-0.2682474899,286.7358739,1538.389601,286.9780366,0.0,0.307,-5.4
0.3731875122,-0.5148791671,0.9415791631,13.57767939,-0.1388155904,0.1851524846,-0.06392867643,286.8867399,1560.196287,287.989654,0.0,0.25,-4.96
0.3407954276,-0.5320097804,0.9751215577,13.56865978,-0.09687703282,0.05412934573,-0.3193913317,286.6908692,1527.881054,286.4866984,0.0,0.348,-5.64
0.3507729769,-0.5016510487,0.9584095478,13.5502434,-0.1463096269,0.162682541,-0.2552786499,286.7015383,1539.650035,287.0368002,0.0,0.346,-5.56
0.3302690089,-0.5229821205,0.9781719446,13.5672678,-0.08757963493,0.02986425211,-0.3578338506,286.700263,1521.546388,286.1892888,0.0,0.379,-5.79
0.3222851157,-0.5111018419,0.9757866859,13.54522221,-0.1185608384,0.06122240903,-0.3366605671,286.6179491,1527.82483,286.4840628,0.0,0.372,-5.75
0.3374396265,-0.4950449169,0.9621105194,13.52027159,-0.1713530136,0.1345335637,-0.2470190422,286.6210725,1536.870917,286.9071848,0.0,0.339,-5.57
0.3625653088,-0.5082650781,0.9499943852,13.56193462,-0.1633408971,0.1834897834,-0.1645825302,286.8108608,1547.968535,287.4237215,0.0,0.305,-5.31
0.3664441407,-0.5488733649,0.959626019,13.59083892,-0.07751338368,0.04456897575,-0.2701199741,286.7977991,1547.553451,287.4044515,0.0,0.294,-5.27
0.3579952717,-0.5648132563,0.9697226286,13.59315019,-0.04519892259,0.007416333161,-0.301997567,286.7921063,1543.423938,287.2125309,1.353062614,0.315,-5.39
0.3174415529,-0.4196909666,0.8842840791,13.42488716,0.05387550771,0.5206928817,-0.0255017019,286.6417532,1559.384407,287.9521813,0.0,0.534,-6.06
0.3009506762,-0.4668114781,0.9542443156,13.49781968,-0.1460042889,0.1584038688,-0.3165818857,286.5753115,1540.786755,287.0897653,0.0,0.393,-5.76
0.3009506762,-0.4455479681,0.9338178635,13.46928186,-0.1452599894,0.3177175318,-0.2587071161,286.611556,1548.215269,287.4351741,0.0,0.444,-5.87
0.3042840064,-0.4294719398,0.9118618369,13.45090402,-0.08454880641,0.4464036796,-0.1891667669,286.6240985,1554.132229,287.7094108,0.0,0.502,-6.01
0.2995991111,-0.4253498316,0.9051951766,13.45090402,-0.08454880641,0.4464036796,-0.1891667669,286.6240985,1554.132229,287.7094108,0.0,0.502,-6.01
0.292932421,-0.4250548184,0.9054357409,13.45090402,-0.08454880641,0.4464036796,-0.1891667669,286.6240985,1554.132229,287.7094108,0.0,0.502,-6.01
0.3009506762,-0.4768114984,0.9617594481,13.50162014,-0.161656261,0.05971962782,-0.3321070386,286.5581571,1538.411079,286.9790382,0.0,0.384,-5.74
0.3303632438,-0.4817115963,0.9583290219,13.51890501,-0.1504341404,0.1793602644,-0.2954410957,286.6184098,1539.286214,287.0198419,0.0,0.387,-5.73
0.3461824656,-0.4652425945,0.934863627,13.47440683,-0.2136091076,0.4146977317,-0.08811678088,286.5521215,1552.393003,287.6288833,0.0,0.484,-5.99
0.3450193107,-0.4453961551,0.9130129218,13.4270433,-0.1023982155,0.4779143755,0.02085077588,286.3681363,1560.203653,287.9899939,0.0,0.499,-6.04
0.342844069,-0.4895867705,0.9556941986,13.52137578,-0.1876284509,0.2303739863,-0.2184835358,286.7099412,1542.188614,287.1550439,0.0,0.378,-5.66
0.3176173568,-0.4947329462,0.9694864154,13.51972928,-0.1491135039,0.08971968828,-0.3120177241,286.5727429,1534.253203,286.7849362,0.0,0.367,-5.7
0.3236965835,-0.4880662262,0.9639883041,13.51972928,-0.1491135039,0.08971968828,-0.3120177241,286.5727429,1534.253203,286.7849362,0.0,0.367,-5.7
0.3303632438,-0.4883782566,0.9621105194,13.51972928,-0.1491135039,0.08971968828,-0.3120177241,286.5727429,1534.253203,286.7849362,0.0,0.367,-5.7
0.3242840171,-0.4239717424,0.891861856,13.43695428,0.03905103423,0.5027031507,-0.06903383605,286.6370501,1562.240772,288.0839533,0.0,0.519,-6.01
0.3241082132,-0.4217447042,0.8851950765,13.43695428,0.03905103423,0.5027031507,-0.06903383605,286.6370501,1562.240772,288.0839533,0.0,0.519,-6.01
0.3174415529,-0.4216946363,0.8909507394,13.43695428,0.03905103423,0.5027031507,-0.06903383605,286.6370501,1562.240772,288.0839533,0.0,0.519,-6.01
0.3409506977,-0.4302693009,0.8885284662,13.42400004,0.0710621227,0.4368614243,0.06954613325,286.5614823,1567.832007,288.34137,0.0,0.458,-5.82
0.2609506547,-0.4212209582,0.8988893628,13.48136635,-0.06690636174,0.2223381716,-0.2446174883,286.511348,1573.462223,288.5998866,0.0,0.347,-5.4
0.2609506547,-0.4368705153,0.9243662953,13.49047751,-0.1139054918,0.130711197,-0.2779936597,286.5052679,1565.450255,288.2318,0.0,0.337,-5.42
0.2809506655,-0.4268798232,0.9088893533,13.4737185,-0.07739978397,0.3424991627,-0.2418973959,286.5936612,1558.129072,287.894212,0.0,0.436,-5.79
0.2809506655,-0.4180782735,0.8885284662,13.46006841,-0.02992824594,0.4412327728,-0.2114088686,286.6140608,1564.80663,288.2021693,0.0,0.5,-5.94
0.2809506655,-0.4451070726,0.9342923164,13.48890431,-0.1155626125,0.2094447859,-0.294259776,286.5723523,1551.322641,287.5792911,0.0,0.389,-5.68
0.297617346,-0.4174767733,0.8851950765,13.4397195,-0.004334583284,0.5247195003,-0.1195730663,286.6554876,1558.805206,287.9254392,0.0,0.548,-6.1
0.3042840064,-0.4195718765,0.8909507394,13.4397195,-0.004334583284,0.5247195003,-0.1195730663,286.6554876,1558.805206,287.9254392,0.0,0.548,-6.1
0.2995991111,-0.4212805033,0.8976173997,13.4397195,-0.004334583284,0.5247195003,-0.1195730663,286.6554876,1558.805206,287.9254392,0.0,0.548,-6.1
0.2609506845,-0.4550239146,0.9447147846,13.50613159,-0.1386960945,0.02116621639,-0.3198157047,286.5352913,1555.612362,287.777889,0.0,0.359,-5.55
0.2809506655,-0.4662258923,0.9546872377,13.51171629,-0.1306494993,0.08298538135,-0.3425803669,286.5827544,1542.548456,287.1717931,0.0,0.386,-5.72
0.2809506655,-0.4762258828,0.9621586204,13.51357845,-0.151707133,-0.0008244069762,-0.3570815564,286.5904711,1541.238611,287.1108111,0.0,0.398,-5.77
0.2409506738,-0.4212209582,0.8988893628,13.50381978,-0.08197740674,0.09782320979,-0.2538601651,286.4298615,1583.126032,289.0419967,0.0,0.294,-5.14
0.2409506738,-0.4368612766,0.924405694,13.51216087,-0.1193328152,0.03446832848,-0.2825138161,286.4541627,1576.144801,288.7228157,0.0,0.318,-5.28
0.2409506738,-0.4549753666,0.9447482824,13.52472736,-0.1442354352,-0.04526040521,-0.3085715704,286.5301596,1565.523567,288.2351745,0.0,0.353,-5.47
0.3669706881,-0.4665620625,0.9126366973,13.46815205,-0.08551924949,0.377933387,0.2036559773,286.0261324,1569.836045,288.433467,0.0,0.447,-5.93
0.3644753695,-0.4482088685,0.8885284662,13.43737092,0.04375802201,0.2983284858,0.2237112328,286.3479313,1579.507018,288.8766679,0.0,0.385,-5.56
0.3677225411,-0.4913995564,0.9345431328,13.52580686,-0.1808666504,0.3555374086,0.04115551013,286.4156879,1559.634561,287.9637288,0.0,0.411,-5.75
0.375829339,-0.4741849899,0.9053968787,13.50125879,-0.04869363279,0.2738001552,0.3471026787,285.7377366,1575.831288,288.7084571,0.0,0.454,-6.0
0.3733274937,-0.458208859,0.8885285258,13.4637273,0.04347409469,0.2041957832,0.3594706894,285.9977987,1585.016563,289.1282498,0.0,0.425,-5.77
0.3745087385,-0.4913995564,0.9245431423,13.55041403,-0.08978446828,0.3231345142,0.2148806622,286.0164049,1568.527141,288.3733254,0.0,0.408,-5.8
0.3573344946,-0.4362564087,0.8685284257,13.44913149,0.1469423762,0.2348779655,0.2158557035,286.7916495,1590.443399,289.3754146,0.0,0.361,-5.28
0.3752660751,-0.5351436734,0.9462390542,13.59621057,-0.1056712771,0.1075179101,-0.1418181489,286.9182702,1561.348993,288.0428325,0.0,0.217,-4.77
0.3668883741,-0.5299935937,0.9549223781,13.58553877,-0.117351973,0.1115098699,-0.2202810592,286.7885729,1547.939724,287.4223841,0.0,0.283,-5.22
0.3909934759,-0.5196541548,0.9080548882,13.58783118,0.06298375688,0.2056588023,0.3189295851,285.8955612,1588.254797,289.2758111,0.0,0.394,-5.67
0.3832226098,-0.4922711253,0.9073988199,13.53791534,-0.0299015427,0.2674872203,0.3234590672,285.7414912,1580.243717,288.9103458,0.0,0.43,-5.89
0.3910865486,-0.5039457083,0.8941445351,13.55741126,0.04669010215,0.1877673338,0.4103537761,285.6965662,1592.398151,289.4642886,0.0,0.463,-5.94
0.3818892539,-0.4727137983,0.8878746033,13.48601831,0.02266157575,0.2083586353,0.3811057369,285.7938125,1589.772637,289.344899,0.0,0.445,-5.87
0.3897874355,-0.485185653,0.8780592084,13.51617133,0.06726744894,0.1696063212,0.4677544883,285.6011813,1597.24811,289.6844423,0.0,0.512,-6.1
0.3904756904,-0.4819575846,0.8648900986,13.50552335,0.1018676582,0.1469766508,0.4967011219,285.574069,1601.695553,289.8858844,0.0,0.538,-6.16
0.3796412647,-0.5114647746,0.9284781814,13.58347068,-0.06788742319,0.2518489368,0.1148205722,286.3840406,1571.836012,288.525289,0.0,0.295,-5.23
0.3211601079,-0.5319985747,0.9827990532,13.56477551,-0.09157784374,-0.01184940641,-0.3621423049,286.7049009,1520.660592,286.1476271,0.0,0.383,-5.81
0.3284952343,-0.5489777923,0.9835276008,13.58142155,-0.06016853181,0.001179355751,-0.3554661968,286.7388269,1516.575988,285.95528,0.0,0.37,-5.78
0.339043349,-0.5644112825,0.9805189967,13.5925322,-0.03283475605,0.0009215047302,-0.3356309016,286.6429916,1516.358035,285.9450055,8.82107705,0.347,-5.72
0.3515160382,-0.5513184667,0.9727044106,13.58657229,-0.06461528447,0.03675397683,-0.3193173061,286.7215005,1532.371063,286.6969426,0.0,0.337,-5.56
0.3095996082,-0.5529606938,0.9893505573,13.58180442,-0.06830764624,-0.04703279242,-0.3665802514,286.833185,1512.875583,285.7806893,0.0,0.385,-5.83
0.2910595238,-0.5663781762,0.991635859,13.59360147,-0.05555210803,-0.04946882373,-0.3421357851,286.8110996,1505.11674,285.4135731,16.61893231,0.36,-5.79
0.3011339903,-0.5333769917,0.9864507914,13.56767706,-0.09366961324,-0.0307521232,-0.3722462931,286.7773678,1518.122227,286.0281392,0.0,0.395,-5.84
0.3009506762,-0.514708519,0.9810776114,13.54975429,-0.1197743694,-0.03548298591,-0.3652092243,286.6763332,1525.937035,286.3955261,0.0,0.396,-5.83
0.3098608255,-0.5457900763,0.9883810878,13.58268128,-0.05838488897,0.0004628571355,-0.3672740248,286.7989396,1511.9206,285.7355798,0.0,0.381,-5.83
0.3009574711,-0.5047236681,0.9771903753,13.55014231,-0.1119004611,0.02111305336,-0.3623690889,286.6543687,1526.485844,286.4212735,0.0,0.389,-5.81
0.3708911836,-0.5015458465,0.9384452701,13.56442211,-0.1642577718,0.2590894215,-0.04878768775,286.6880066,1562.70232,288.1052288,0.0,0.32,-5.31
0.3718361855,-0.5621594787,0.955457747,13.5990169,-0.04725584521,0.02221751791,-0.2751279724,286.813925,1552.109012,287.6157279,-1.513694729,0.29,-5.22
0.3755158484,-0.5502354503,0.9501003027,13.60519763,-0.08903086196,0.06588697784,-0.2177169022,286.8536335,1558.356098,287.9046984,0.0,0.254,-5.0
0.3829981387,-0.552175343,0.9377785921,13.61408065,-0.06379598189,0.05350161182,-0.1559378249,287.0386916,1571.117913,288.4923299,0.0,0.186,-4.5
0.3802515268,-0.5661624074,0.9451156259,13.6048281,-0.03416455814,0.01584550169,-0.2242124902,287.0444443,1569.604065,288.4228107,-4.824941626,0.237,-4.8
0.3228452206,-0.418677032,0.8702079058,13.43234496,0.1071250106,0.4822019762,0.06953309407,287.0126214,1564.554499,288.1905594,0.0,0.508,-5.85
0.3321323097,-0.4208524227,0.8646609187,13.43483656,0.135209641,0.3949521955,0.1494006128,287.0672559,1573.21535,288.5885658,0.0,0.453,-5.62
0.3062658012,-0.4216946363,0.8976173997,13.45791647,-0.01754085772,0.4919223896,-0.1347621744,286.6776889,1557.511049,287.8656599,0.0,0.52,-6.02
0.298948586,-0.4934078753,0.9716659784,13.52654666,-0.1338696294,0.03267003156,-0.3529240919,286.5847211,1532.943806,286.723728,0.0,0.388,-5.78
0.3307748735,-0.4214496613,0.8779942393,13.45627624,0.1037048029,0.4444145393,0.03211274994,286.873139,1568.896057,288.3902801,0.0,0.467,-5.74
0.3396596611,-0.4253150821,0.8702079058,13.44911317,0.1432328542,0.3685836031,0.1089032951,286.8342602,1581.484873,288.9670582,0.0,0.42,-5.53
0.2609506547,-0.4268704951,0.9088893533,13.49648405,-0.06528824723,0.2144433415,-0.2673964843,286.5460756,1568.361429,288.3657085,0.0,0.359,-5.47
0.2609506547,-0.4180782735,0.8885284662,13.48747983,-0.01617238208,0.2912718576,-0.2482689698,286.5527369,1575.549038,288.6955285,0.0,0.393,-5.55
0.2609506845,-0.4450239241,0.9343662858,13.5098038,-0.104115625,0.1111906942,-0.3034560182,286.5549453,1559.177867,287.9426461,0.0,0.349,-5.49
0.2810577154,-0.414141506,0.869038403,13.45185914,0.02578270471,0.4788063188,-0.1948226992,286.6773378,1566.765186,288.2923075,0.0,0.527,-5.99
0.2614347935,-0.414034605,0.8681685328,13.49147977,0.02916435794,0.3481098773,-0.2720914317,286.5923079,1577.90556,288.8034172,0.0,0.452,-5.73
0.2993319631,-0.414563477,0.8673583865,13.43286846,0.06697058855,0.508546636,-0.03300814986,286.8916079,1561.531361,288.0512431,0.0,0.524,-5.94
0.3026944697,-0.4139558971,0.8470077515,13.42559915,0.2315278227,0.4415906319,0.01200396742,287.1690889,1563.676567,288.1501222,0.0,0.508,-5.8
0.2609506547,-0.4662358463,0.9547147155,13.52859424,-0.1301505653,0.01205108433,-0.3430795098,286.615662,1548.340622,287.440992,0.0,0.377,-5.64
0.2609506547,-0.4762358367,0.9621380568,13.52715588,-0.1534163114,-0.06223879733,-0.3540403489,286.6391944,1547.419666,287.3982399,0.0,0.4,-5.72
0.2789546847,-0.4934429526,0.9722861052,13.53613568,-0.1311638063,-0.01554915568,-0.3657185578,286.6496403,1534.781346,286.8096134,0.0,0.398,-5.79
0.2009506822,-0.4212209582,0.8988893628,13.54857746,-0.1204946593,-0.02347220499,-0.2383522311,286.3210381,1585.609637,289.1552921,0.0,0.278,-5.08
0.2009506822,-0.4368698895,0.9243822694,13.55209432,-0.1462377758,-0.06020243564,-0.2440114273,286.3972719,1583.552943,289.0614807,0.0,0.3,-5.17
0.2209506631,-0.4212209582,0.8988893628,13.52698294,-0.103388195,0.01061574544,-0.2572863435,286.3551416,1586.522598,289.1969055,0.0,0.287,-5.11
0.2209506631,-0.4368637502,0.9243875742,13.53345996,-0.1333704244,-0.0364769516,-0.2745265101,286.407039,1582.471883,289.0121339,0.0,0.317,-5.25
0.2009506673,-0.4550252557,0.9446900487,13.55690547,-0.170513843,-0.09177649408,-0.2416305666,286.5367527,1578.093747,288.8120278,0.0,0.319,-5.25
0.2209506631,-0.4550082386,0.9447438121,13.54252932,-0.156832891,-0.08682271762,-0.2833697068,286.5228658,1573.317419,288.5932465,0.0,0.345,-5.39
0.2409506738,-0.4268612862,0.9088893533,13.51866205,-0.0694498485,0.09859257535,-0.2679196532,286.4877939,1579.261384,288.8654362,0.0,0.303,-5.19
0.2409506738,-0.4180782735,0.8885284662,13.51215092,-0.0233056579,0.1452050485,-0.2438012803,286.4681832,1584.33301,289.0970724,0.0,0.294,-5.12
0.2409506738,-0.4449753761,0.9344056845,13.52958654,-0.1081623231,0.02640395761,-0.2952009828,286.5343177,1569.661142,288.4254327,0.0,0.325,-5.33
0.2409506738,-0.466178894,0.9547482729,13.54470531,-0.1412845892,-0.04416421721,-0.3214461402,286.6389242,1557.178061,287.8502726,0.0,0.363,-5.53
0.2409506738,-0.4761788845,0.962179184,13.54037304,-0.1639971105,-0.1022069159,-0.3291660611,286.6788065,1556.052597,287.798247,0.0,0.391,-5.63
0.3673344851,-0.4451313317,0.8685284257,13.45384038,0.1261611339,0.2225570279,0.21783333,286.531456,1596.082288,289.6315681,0.0,0.346,-5.26
0.3873325586,-0.4881008863,0.8920988441,13.5178257,0.01619432664,0.1982790822,0.3843977493,285.7009255,1590.746352,289.3891939,0.0,0.442,-5.88
0.376286298,-0.45545277,0.8651952147,13.46768531,0.1150207088,0.1549205868,0.3693470178,286.0430508,1600.406164,289.8275261,0.0,0.426,-5.67
0.3576891124,-0.4352842271,0.8451951146,13.46778677,0.1725785445,0.1574154504,0.2264678029,286.9325453,1604.805647,290.0265036,0.0,0.335,-5.05
0.3846586049,-0.5319675803,0.9291903377,13.60877413,-0.07532942886,0.1505040883,-0.008086126503,286.7824202,1572.209033,288.5424054,0.0,0.178,-4.5
0.389601171,-0.5557467937,0.9251021147,13.62674243,-0.01203134802,0.04661839933,-0.06261261924,287.2223267,1582.671194,289.0212337,0.0,0.089,-4.02
0.3940460384,-0.5576589108,0.9095649123,13.62419238,0.1188696991,0.07253117287,0.1129981857,286.6657428,1588.636014,289.2931677,0.0,0.189,-4.48
0.3939141631,-0.5353172421,0.9028199911,13.60971303,0.11031622,0.1428077271,0.2442290271,286.1768528,1588.494673,289.2867329,0.0,0.313,-5.26
0.3910719156,-0.5474264622,0.9175524116,13.62636551,0.03129627654,0.1044133355,0.1067935576,286.6490716,1582.562575,289.0162747,0.0,0.162,-4.35
0.3903784454,-0.5259531736,0.9126921892,13.60698887,0.02407239357,0.1688644649,0.2057692806,286.1574571,1583.011619,289.0367742,0.0,0.277,-5.13
0.3887476027,-0.512293756,0.9093891978,13.57357123,-0.001078332586,0.2377229229,0.2815102695,285.8622818,1582.555829,289.0159667,0.0,0.378,-5.65
0.3932673633,-0.5209886432,0.897305727,13.58514044,0.07835659046,0.1564391718,0.3601278665,285.8925982,1591.062116,289.4035538,0.0,0.41,-5.71
0.3942989409,-0.5124835968,0.8855756521,13.56364419,0.08395042293,0.1593246387,0.4089999417,285.8877351,1596.381641,289.6451476,0.0,0.456,-5.84
0.3935535848,-0.5020853877,0.8782529831,13.54072618,0.07329336936,0.1519452569,0.4637044373,285.6391586,1596.792321,289.6637741,0.0,0.503,-6.07
0.3855095804,-0.4715047777,0.868058145,13.48290833,0.09125494754,0.1490494185,0.404412113,285.8119704,1600.699207,289.8407925,0.0,0.45,-5.82
0.3892177343,-0.4777371585,0.8549758792,13.49727448,0.1299638027,0.1189464371,0.4774990973,285.6166461,1605.568278,290.0609538,0.0,0.519,-6.07
0.3930249512,-0.4912677109,0.8652761579,13.52025668,0.1033851491,0.141387901,0.5061467436,285.5621878,1600.415142,289.8279326,0.0,0.545,-6.2
0.392067641,-0.4862796664,0.8538936973,13.5140569,0.1324255272,0.1373759892,0.5242194033,285.5377133,1604.276728,290.0026036,0.0,0.567,-6.24
0.3907977343,-0.481811136,0.8506104946,13.50638222,0.1196648351,0.1155081485,0.4919487485,285.5748719,1603.102709,289.9495326,0.0,0.529,-6.13
0.309712559,-0.5635046363,0.9898142815,13.59482634,-0.03270580485,-0.001452802639,-0.347458182,286.6930852,1503.775394,285.3499624,12.46702304,0.359,-5.83
0.2809506655,-0.5138400197,0.9813531637,13.55561083,-0.1254276393,-0.0624752307,-0.3689489838,286.7699362,1526.991244,286.4449781,0.0,0.404,-5.82
0.2787347734,-0.5353341699,0.9873418212,13.57286747,-0.1040908768,-0.05120190078,-0.3674719244,286.8769056,1518.498345,286.0458536,0.0,0.395,-5.81
0.2916987538,-0.5524576902,0.9902166724,13.58576061,-0.07190681132,-0.03483938377,-0.363120991,286.9096667,1509.558719,285.6239223,0.0,0.381,-5.81
0.2740098238,-0.5524412394,0.9903595448,13.58695312,-0.09396196406,-0.06581793244,-0.3542052641,287.0363711,1511.399052,285.710935,0.0,0.382,-5.77
0.2409506738,-0.5137311816,0.9813964963,13.56796607,-0.1624088168,-0.1004687856,-0.3260431256,286.9467373,1539.321265,287.0214759,0.0,0.387,-5.64
0.2609506547,-0.5138907433,0.9813556671,13.56227327,-0.1394051687,-0.08833622409,-0.3536417245,286.8680032,1531.60308,286.6610147,0.0,0.4,-5.75
0.2598408163,-0.5338063836,0.9871074557,13.57788098,-0.122602268,-0.06779070105,-0.3501047627,286.9758671,1522.091135,286.2149009,0.0,0.387,-5.74
0.2408421785,-0.5342115164,0.9872339964,13.58222471,-0.1477524027,-0.07324813345,-0.3218667275,287.052417,1529.05596,286.541758,0.0,0.371,-5.62
0.2481390983,-0.552060008,0.9904154539,13.59000024,-0.1254980214,-0.06342917192,-0.3249320422,287.1265366,1516.741064,285.9630611,0.0,0.364,-5.65
0.2615945935,-0.5645316839,0.9916092753,13.59721751,-0.08895506741,-0.04721381937,-0.3179907015,286.9485671,1507.623406,285.532333,16.90483321,0.343,-5.68
0.2312947959,-0.5663772821,0.9917123318,13.59514285,-0.1435570805,-0.04608982485,-0.2785835427,287.0759886,1519.23269,286.0804302,14.61073935,0.326,-5.51
0.2286427319,-0.5545333028,0.990662992,13.59031025,-0.1626544572,-0.05670183539,-0.2881984423,287.1881291,1526.658244,286.4293602,0.0,0.345,-5.5
0.2757175863,-0.5639389157,0.9915605187,13.5994877,-0.0533755732,-0.005647677062,-0.3356669315,286.8371048,1504.304631,285.3750655,12.57963171,0.35,-5.75
0.2829740942,-0.5034059882,0.9774071574,13.558314,-0.1153582358,-0.01726578939,-0.3682691623,286.731124,1527.051534,286.4478055,0.0,0.396,-5.81
0.3885098398,-0.5518054366,0.9273673892,13.62331573,-0.07190221755,0.0898598968,-0.07937386814,287.0368659,1576.751497,288.7505958,0.0,0.149,-4.21
0.3871194422,-0.563716948,0.9312019348,13.62436671,-0.06082350313,0.03019940975,-0.1426454517,287.2204454,1577.336494,288.7773747,-5.879054596,0.168,-4.3
0.1464272439,-0.4589594305,0.940912962,13.58707397,-0.1740554369,0.05946675776,-0.04448305712,286.6827875,1579.81544,288.8907687,0.0,0.199,-4.6
0.1478746533,-0.4399446249,0.9203858376,13.58867814,-0.1267017792,0.09663655177,-0.02155428485,286.5371603,1581.083966,288.9487431,0.0,0.17,-4.44
0.1258002669,-0.439609319,0.9014908075,13.60503041,-0.06243983044,0.2079360733,0.08287770984,286.6480827,1578.409246,288.8264618,0.0,0.242,-4.86
0.3209589422,-0.4170422554,0.8470056653,13.43336727,0.2109924507,0.3940580457,0.1154585081,287.5374795,1568.212847,288.3588786,0.0,0.471,-5.56
0.3328107595,-0.4205767214,0.8485284448,13.44502138,0.1808281725,0.2949713117,0.1894049985,287.4568792,1583.067688,289.0393335,0.0,0.404,-5.29
0.3424387574,-0.4253900051,0.8465284109,13.4678614,0.1671796375,0.2597590191,0.1505902,287.2955193,1592.668429,289.4765705,0.0,0.353,-5.1
0.2723194659,-0.413439095,0.8568479419,13.46639334,0.1003866494,0.4102618822,-0.2373724377,286.6781544,1573.787925,288.6148203,0.0,0.494,-5.85
0.2878997922,-0.4134201705,0.8567972779,13.43645434,0.1218714159,0.4644264302,-0.1155584316,286.8493502,1564.288979,288.1783314,0.0,0.503,-5.88
0.2806691229,-0.413411051,0.8487409353,13.44447276,0.2007638955,0.4171642869,-0.1725484665,286.7474184,1570.556504,288.4665546,0.0,0.504,-5.88
0.2417904884,-0.414021343,0.8676402569,13.51956387,0.01967094998,0.1826310417,-0.2513481212,286.5010142,1585.749545,289.1616704,0.0,0.321,-5.22
0.2617358863,-0.413415134,0.8574450016,13.49464001,0.102333924,0.3118561759,-0.2723197967,286.5902626,1583.637152,289.0653235,0.0,0.436,-5.64
0.2520773411,-0.4134311676,0.8556951284,13.51034048,0.07148522579,0.2832572651,-0.2817980839,286.5862098,1584.633338,289.1107719,0.0,0.416,-5.57
0.2706795037,-0.413411051,0.8434155583,13.47763808,0.2263805651,0.3361468751,-0.2368585989,286.6551791,1581.64449,288.9743491,0.0,0.479,-5.77
0.3155520856,-0.4154724479,0.835539937,13.45205226,0.28726096,0.3053103688,0.09553288314,287.3482575,1566.874826,288.2973509,0.0,0.44,-5.53
0.3085110188,-0.4135225415,0.8293451071,13.45155757,0.329740417,0.2941047955,0.05409865951,287.0856091,1566.207911,288.2666687,0.0,0.455,-5.66
0.298347652,-0.4134581089,0.8343795538,13.43998335,0.3334571617,0.3376724674,-0.002619349615,286.9506779,1565.133921,288.217238,0.0,0.484,-5.79
0.2897050083,-0.4134123325,0.8428733349,13.44128043,0.2898917206,0.3859396683,-0.05685949762,286.8690375,1565.90555,288.252755,0.0,0.496,-5.85
0.2589363456,-0.4934236407,0.9722517729,13.54739431,-0.1407560648,-0.06228134561,-0.3577879574,286.7274014,1540.348766,287.0693608,0.0,0.399,-5.74
0.2629849017,-0.5034724474,0.9773839712,13.56643128,-0.1283327637,-0.04959485483,-0.3544087669,286.8157561,1531.816171,286.6709849,0.0,0.39,-5.73
0.1809506863,-0.4212929308,0.8987439871,13.56648311,-0.121232469,-0.001424077015,-0.1887235954,286.3354994,1584.448199,289.102327,0.0,0.234,-4.85
0.1809506863,-0.4369549453,0.9242343307,13.56754732,-0.1508661914,-0.03823093762,-0.1896307749,286.4255958,1583.181381,289.044523,0.0,0.255,-4.95
0.2009506822,-0.4268698692,0.9088893533,13.56129784,-0.1020888007,-0.0195456653,-0.2352779578,286.3928494,1584.832182,289.119841,0.0,0.267,-5.01
0.2009506822,-0.4180782735,0.8885284662,13.55777265,-0.07176606976,0.01188179385,-0.2272671639,286.3368218,1585.805171,289.1642062,0.0,0.248,-4.92
0.2009506822,-0.4450252652,0.9343822598,13.56714116,-0.1401814886,-0.05685198965,-0.2371610852,286.4955179,1580.94764,288.9425144,0.0,0.291,-5.12
0.220950678,-0.4268637598,0.9088893533,13.54008774,-0.08804626364,0.01483106949,-0.2603185065,286.4243706,1584.671269,289.1125019,0.0,0.285,-5.09
0.2209506631,-0.4180782735,0.8885284662,13.53547326,-0.0493431341,0.0497667416,-0.2433922396,286.3853707,1586.736882,289.2066702,0.0,0.263,-4.98
0.220950678,-0.4450082183,0.9343875051,13.54951388,-0.1236150695,-0.03391843752,-0.2740193392,286.5053582,1577.784734,288.7978884,0.0,0.312,-5.23
0.1809506863,-0.4551641643,0.9445753694,13.56830428,-0.1797290428,-0.06140826385,-0.1822644572,286.5743774,1579.554399,288.8788343,0.0,0.273,-5.03
0.2009506822,-0.4663020372,0.9546900392,13.57136539,-0.1774791073,-0.08132747984,-0.2371138218,286.6572401,1573.328077,288.5937352,0.0,0.317,-5.24
0.220950678,-0.4661715031,0.9547437429,13.55930275,-0.1588442252,-0.07807812958,-0.2850549485,286.6465287,1566.272625,288.2696464,0.0,0.345,-5.4
0.2009506822,-0.4763020277,0.9620522261,13.56044317,-0.1986595537,-0.1034702296,-0.2365740108,286.7316186,1571.888051,288.527677,0.0,0.335,-5.31
0.2209506631,-0.4761715233,0.9621586204,13.5517267,-0.1813492992,-0.1180754953,-0.2883969139,286.7026694,1564.62795,288.1939417,0.0,0.37,-5.49
0.1708241552,-0.4213764668,0.8985751271,13.57982486,-0.1053849226,0.06342573224,-0.1049838707,286.3862021,1583.556205,289.0616295,0.0,0.171,-4.46
0.1609506756,-0.4381279945,0.9227018952,13.57938628,-0.1412882072,0.01836246191,-0.1120827238,286.479195,1582.754257,289.0250258,0.0,0.191,-4.58
0.1609506756,-0.4565188289,0.9432982206,13.5781589,-0.1801894564,-0.003435955309,-0.1123222512,286.6279343,1579.932098,288.8961017,0.0,0.222,-4.75
0.2219405621,-0.4140153825,0.867170155,13.54203232,-0.003641639288,0.07328964859,-0.2305116436,286.4065928,1587.92735,289.2609001,0.0,0.252,-4.91
0.2423791438,-0.4134120345,0.8569803238,13.52578808,0.05852422323,0.1706654874,-0.2468724924,286.4898717,1590.057062,289.3578398,0.0,0.315,-5.17
0.2389374971,-0.4934200644,0.9723831415,13.55810149,-0.1587763409,-0.09228047234,-0.3299025897,286.7902268,1548.734974,287.4592926,0.0,0.387,-5.63
0.3686144352,-0.4449899793,0.8485285044,13.47497213,0.1599415326,0.1418148645,0.2196842399,286.6037166,1607.798142,290.1616129,0.0,0.316,-5.04
0.3776427805,-0.4560956359,0.85352844,13.47303833,0.143807661,0.1204462441,0.3390533001,286.0811735,1608.825677,290.207962,0.0,0.397,-5.5
0.3811460733,-0.4610956311,0.85352844,13.48123612,0.1484571894,0.1295788221,0.4351166193,285.7867282,1609.08427,290.2196228,0.0,0.487,-5.9
0.3726427555,-0.4493916035,0.85352844,13.46941095,0.1526982092,0.1297895609,0.3236988735,286.2352753,1609.611676,290.2434011,0.0,0.39,-5.43
0.35700652,-0.4344469309,0.8335284591,13.48712559,0.1835620558,0.1022906852,0.2009338053,287.0643453,1609.974241,290.259744,0.0,0.3,-4.83
0.3630913496,-0.4394469559,0.8335284591,13.48295685,0.1748149249,0.1015290515,0.2486368363,286.5844354,1612.605999,290.3782903,0.0,0.33,-5.07
0.352006495,-0.4306622446,0.8335284591,13.48279044,0.1881840058,0.1119383109,0.217531709,287.0820771,1607.824975,290.1628235,0.0,0.318,-4.92
0.3726427555,-0.4493916035,0.8435284495,13.4771351,0.163647306,0.1182601097,0.3367031925,286.1438658,1612.367428,290.3675499,0.0,0.402,-5.48
0.3924370706,-0.5622007251,0.9166516662,13.63078968,-0.01252531867,0.07974269375,-0.0720118412,287.4933462,1586.246211,289.1843096,-7.105608935,0.118,-3.93
0.3954586387,-0.5661600828,0.8995527625,13.61700051,0.1305155331,0.02464874059,0.1223627861,286.8373938,1588.919362,289.3060664,-10.51557485,0.19,-4.45
0.3945199549,-0.5637029409,0.9071326256,13.62668275,0.03190124813,0.06365749376,0.07266306749,286.911296,1585.762186,289.1622467,-8.387218691,0.111,-4.07
0.3951171637,-0.5526854396,0.8979667425,13.61167195,0.1016150174,0.06961863452,0.2408635274,286.3213731,1589.242542,289.3207762,0.0,0.28,-5.06
0.3955611289,-0.5358220339,0.8855298162,13.5865286,0.09551617248,0.1101373087,0.3403054673,286.1334488,1593.07537,289.4950597,0.0,0.38,-5.52
0.3954618871,-0.5198922157,0.8781809807,13.5649972,0.07682818521,0.1217531943,0.4291690004,285.7716653,1594.992506,289.5821164,0.0,0.462,-5.9
0.3959276676,-0.5297464132,0.8705491424,13.56592896,0.08451020718,0.1239932416,0.3848222823,286.08186,1596.958048,289.6712897,0.0,0.423,-5.67
0.3956353664,-0.5127933621,0.8668746352,13.54603867,0.09355302303,0.1252237951,0.4765300006,285.7058042,1598.741654,289.7521376,0.0,0.511,-6.06
0.3949192762,-0.5010436773,0.8640580177,13.53134674,0.09768767736,0.127931295,0.4999085151,285.5884123,1599.557118,289.7890787,0.0,0.535,-6.16
0.3840008676,-0.4663995802,0.85352844,13.48723203,0.1404147287,0.1236492291,0.457651569,285.6901468,1607.531842,290.1495972,0.0,0.504,-5.99
0.3886669576,-0.4763995707,0.8435284495,13.49953805,0.1534876822,0.1117861736,0.495898896,285.5876443,1608.376183,290.1876894,0.0,0.541,-6.13
0.3944989741,-0.4971603453,0.8538708091,13.52531904,0.1193716773,0.1312925153,0.5156205275,285.5642563,1602.044856,289.9016879,0.0,0.555,-6.21
0.3924695849,-0.4877820611,0.8425207138,13.51384421,0.1477322308,0.1324201539,0.5315417293,285.5280111,1606.297941,290.0939034,0.0,0.577,-6.26
0.3943472803,-0.4963712394,0.843506813,13.52338711,0.1320895164,0.1275113053,0.5233635535,285.5523444,1604.104492,289.9948196,0.0,0.564,-6.23
0.3908121288,-0.481877327,0.8435284495,13.50830263,0.1425686889,0.1063926033,0.5102155555,285.558952,1605.787808,290.0708684,0.0,0.55,-6.18
0.2656888366,-0.5522305369,0.99032408,13.59257463,-0.09234446854,-0.03019998519,-0.3417710275,287.0189326,1513.342347,285.8027296,0.0,0.365,-5.7
0.2209506631,-0.5137140155,0.9813696742,13.57135167,-0.1885577503,-0.09376262299,-0.2856801207,287.0042598,1548.674037,287.4564649,0.0,0.365,-5.49
0.2009506822,-0.5138614774,0.9813365936,13.57291178,-0.2161238857,-0.07259651305,-0.2401339911,287.0515537,1558.360136,287.9048848,0.0,0.341,-5.33
0.1993295848,-0.5646729469,0.9916142225,13.58765631,-0.1948478684,-0.03126315279,-0.2315619795,287.1743051,1538.076514,286.9634343,8.4277778,0.314,-5.31
0.1728026718,-0.5657449961,0.9912502766,13.57791937,-0.239262787,-0.02200474013,-0.1930483526,287.2940995,1559.163703,287.9419921,2.227907729,0.318,-5.17
0.1893551946,-0.5523135066,0.9903313518,13.5804992,-0.2250099734,-0.0357649064,-0.2193202331,287.2821148,1552.072427,287.614033,0.0,0.326,-5.25
0.1548333317,-0.5509033799,0.9872144461,13.57316939,-0.2651562819,-0.01503273414,-0.1585716614,287.3445916,1567.700586,288.3353274,0.0,0.319,-5.1
0.2215999812,-0.5353739262,0.9874513149,13.58353949,-0.1789848983,-0.0672176458,-0.2839243148,287.114341,1539.025338,287.0076803,0.0,0.352,-5.47
0.1996663362,-0.5338205695,0.9870865941,13.5830958,-0.208542007,-0.05379764335,-0.2440166187,287.1614115,1550.160589,287.5254215,0.0,0.335,-5.33
0.2429685146,-0.5033184886,0.9774307013,13.57464312,-0.1501439922,-0.0705911132,-0.3264160556,286.8902919,1539.403515,287.0253099,0.0,0.376,-5.62
0.1809063256,-0.5334184766,0.9867637753,13.58225491,-0.2305786043,-0.03041287905,-0.2050924187,287.2053131,1560.016193,287.9813429,0.0,0.32,-5.19
0.2347108275,-0.5455272794,0.9895667434,13.59723162,-0.139293624,-0.03293953656,-0.2975177067,287.1184969,1524.386558,286.3227481,0.0,0.34,-5.52
0.2439289838,-0.5641196966,0.9915622473,13.6041501,-0.1040388577,-0.01026902415,-0.2977371629,286.9826703,1510.933092,285.6889115,11.35390356,0.325,-5.58
0.216953665,-0.5640734434,0.9915409088,13.60322503,-0.1568664172,-0.006050725912,-0.2513452196,287.0750297,1524.957856,286.3495708,7.72684479,0.306,-5.39
0.206519708,-0.5516203046,0.990296185,13.59664459,-0.1871717427,-0.02823714003,-0.2440236761,287.1837966,1539.54716,287.0320054,0.0,0.318,-5.32
0.1256259233,-0.4567123353,0.9238352776,13.60806778,-0.1050823625,0.122227156,0.02780222108,286.7130345,1577.757599,288.7966467,0.0,0.173,-4.44
0.1230276898,-0.4774579406,0.9415087104,13.60972496,-0.1868787967,0.08029269883,-0.001276510686,286.8159757,1576.761754,288.7510654,0.0,0.213,-4.67
0.1404842883,-0.4511692226,0.9287772179,13.60153551,-0.1332677621,0.0643265691,-0.0378965269,286.6170487,1580.165722,288.9067809,0.0,0.162,-4.37
0.1411211342,-0.4715199769,0.9484749436,13.59896381,-0.1906078612,0.03808985729,-0.05778217889,286.7802072,1577.426772,288.7815066,0.0,0.212,-4.67
0.1491483599,-0.4802187979,0.9593467712,13.58178768,-0.2337489316,0.04844242729,-0.06672242437,286.8850288,1577.342008,288.7776271,0.0,0.257,-4.89
0.1442840099,-0.4321972132,0.9051951766,13.60080679,-0.08506164455,0.1144455423,-0.01863689988,286.5305467,1581.529827,288.9691116,0.0,0.153,-4.31
0.1412079781,-0.4375760853,0.9118618369,13.60080679,-0.08506164455,0.1144455423,-0.01863689988,286.5305467,1581.529827,288.9691116,0.0,0.153,-4.31
0.1345413178,-0.4390310347,0.9091072679,13.60080679,-0.08506164455,0.1144455423,-0.01863689988,286.5305467,1581.529827,288.9691116,0.0,0.153,-4.31
0.1276230961,-0.4993502796,0.9597374201,13.60220078,-0.2336310507,0.07061338168,-0.0175158787,287.0638677,1574.397092,288.6427448,0.0,0.254,-4.85
0.1609506756,-0.4781030715,0.9608156085,13.57375129,-0.2261850434,-0.008960440753,-0.1212382654,286.8240433,1576.882326,288.7565853,0.0,0.266,-4.95
0.1809506863,-0.4764694571,0.9619441032,13.56702561,-0.2151737572,-0.06427749488,-0.1781521806,286.7723009,1575.478575,288.6923006,0.0,0.296,-5.11
0.1199315712,-0.4505731165,0.9097593427,13.61671546,-0.07810937653,0.16324311,0.05010240958,286.7453666,1579.146283,288.8601727,0.0,0.197,-4.58
0.123545751,-0.4360174835,0.8884498477,13.61555188,-0.03455849448,0.2587810159,0.117757115,286.4563216,1580.67606,288.9301047,0.0,0.296,-5.16
0.1142466664,-0.4444448054,0.8919002414,13.62633185,-0.05569677736,0.2237817845,0.08794728141,286.6419834,1581.662626,288.9751775,0.0,0.256,-4.91
0.3255026937,-0.4180161953,0.8328698277,13.45849531,0.2632538729,0.2582656195,0.1361818995,287.4028084,1574.820757,288.662161,0.0,0.403,-5.35
0.3190519512,-0.4147779047,0.8252633214,13.47228974,0.3079796576,0.2134434868,0.09630644796,287.1327691,1572.23853,288.5437587,0.0,0.396,-5.42
0.3056425154,-0.410425663,0.820450604,13.45202609,0.3742000947,0.2394190864,-0.01197912308,286.8011223,1569.046338,288.397186,0.0,0.454,-5.72
0.3153532445,-0.4100954831,0.8161106706,13.47107874,0.348342281,0.1708445595,0.04012573261,286.8274638,1571.71367,288.5196746,0.0,0.4,-5.52
0.3328983486,-0.4205745459,0.8335284591,13.46618851,0.2346757495,0.2113480323,0.1746202364,287.3920204,1585.657403,289.1574698,0.0,0.37,-5.17
0.3378983438,-0.4227690101,0.8335284591,13.47971202,0.2166988068,0.19344997,0.1662497892,287.5437605,1590.939089,289.3979592,0.0,0.344,-5.0
0.3459506929,-0.427031666,0.8335284591,13.48179604,0.2008392775,0.1470198161,0.1932623986,287.3528275,1600.780636,289.8444785,0.0,0.325,-4.92
0.234403044,-0.4134365022,0.8570326567,13.53745227,0.03684437608,0.15388349,-0.254184643,286.4984484,1589.710819,289.3420862,0.0,0.309,-5.15
0.2623972595,-0.413411051,0.8480280042,13.48828074,0.1531235655,0.3463113431,-0.2621857868,286.6490265,1581.756221,288.9794525,0.0,0.47,-5.74
0.2770642638,-0.413411051,0.836838901,13.46571283,0.2907982681,0.338990127,-0.1585115384,286.7228817,1574.788864,288.6606996,0.0,0.484,-5.81
0.2865015268,-0.4133599401,0.8318217993,13.45248044,0.3364070085,0.3187643843,-0.1215575323,286.7289052,1572.797957,288.5694224,0.0,0.489,-5.83
0.2532929778,-0.413411051,0.8413540125,13.51562435,0.1589242622,0.2647620119,-0.2634327311,286.5868098,1591.02057,289.4016645,0.0,0.415,-5.53
0.2392852753,-0.413411051,0.8380884528,13.54027198,0.09637567235,0.1770574665,-0.240281888,286.5000947,1596.954283,289.6711189,0.0,0.323,-5.16
0.2409871221,-0.4134110808,0.845788002,13.53169617,0.09432065927,0.234276484,-0.2734320669,286.5655205,1591.853799,289.4395475,0.0,0.382,-5.41
0.2716391385,-0.4128723443,0.8279771805,13.49104945,0.2930493611,0.2725072836,-0.1933689908,286.6544936,1588.020993,289.2651646,0.0,0.454,-5.66
0.2628062665,-0.413411051,0.835180819,13.50313982,0.2305065376,0.3084125014,-0.2370003416,286.658373,1585.820555,289.1649075,0.0,0.462,-5.69
0.2942093015,-0.411465615,0.8239744306,13.46560974,0.3707648583,0.2588094334,-0.04036433714,286.8220923,1571.85839,288.5263159,0.0,0.464,-5.73
0.1809506863,-0.4182191789,0.8885284662,13.57700918,-0.07742276134,0.02907369233,-0.1818623158,286.3336851,1584.917463,289.1237304,0.0,0.209,-4.71
0.1809506714,-0.4269549549,0.9087439775,13.57891132,-0.1123806234,-0.01031472776,-0.184774137,286.3970258,1583.965308,289.0802971,0.0,0.226,-4.8
0.1809506714,-0.4451641738,0.9342343211,13.58093408,-0.1519970718,-0.04078955638,-0.1820803217,286.5116283,1581.723064,288.977938,0.0,0.25,-4.91
0.2020985484,-0.414006114,0.8669444919,13.56429181,-0.02591586163,0.03394958736,-0.2141527239,286.3527157,1587.493545,289.2411423,0.0,0.228,-4.8
0.1809506714,-0.4664694667,0.9545753598,13.58107452,-0.1917370936,-0.05539083121,-0.1782654565,286.6837343,1576.328432,288.7312249,0.0,0.277,-5.04
0.1989283562,-0.4933974743,0.9721807241,13.57423808,-0.2058038816,-0.08556204958,-0.2341387267,286.860984,1566.31184,288.2714507,0.0,0.333,-5.3
0.2189254314,-0.4933995306,0.9723331332,13.5670199,-0.1824118745,-0.1006347897,-0.286574984,286.8293859,1557.793716,287.87872,0.0,0.364,-5.48
0.1642840058,-0.4185727835,0.8851950765,13.59146763,-0.06246352327,0.09123022766,-0.09915443214,286.3829106,1584.217044,289.0917821,0.0,0.158,-4.36
0.16415748,-0.4205760062,0.891861856,13.59146763,-0.06246352327,0.09123022766,-0.09915443214,286.3829106,1584.217044,289.0917821,0.0,0.158,-4.36
0.1574908048,-0.420599103,0.8878999352,13.59146763,-0.06246352327,0.09123022766,-0.09915443214,286.3829106,1584.217044,289.0917821,0.0,0.158,-4.36
0.1576173455,-0.4316585958,0.9118618369,13.59238282,-0.1049621945,0.04088977626,-0.1065224393,286.43976,1583.437419,289.0562086,0.0,0.165,-4.41
0.1642840058,-0.4264468849,0.9052419066,13.59238282,-0.1049621945,0.04088977626,-0.1065224393,286.43976,1583.437419,289.0562086,0.0,0.165,-4.41
0.16415748,-0.4226873815,0.8985752463,13.59238282,-0.1049621945,0.04088977626,-0.1065224393,286.43976,1583.437419,289.0562086,0.0,0.165,-4.41
0.1609506756,-0.4465188384,0.9327018857,13.59164097,-0.148824861,0.006736622793,-0.1121054304,286.5551177,1581.752952,288.9793032,0.0,0.196,-4.6
0.1609506756,-0.468103081,0.9532981515,13.58946975,-0.1968492286,-0.01100402474,-0.1166723565,286.7270373,1577.36909,288.7788666,0.0,0.239,-4.83
0.2138885558,-0.4134349823,0.8580127954,13.55749973,0.005086086032,0.07418403656,-0.2279905088,286.4224677,1590.1736,289.3631415,0.0,0.249,-4.88
0.2241497487,-0.4134110808,0.8496185541,13.552293,0.03681121066,0.1283470736,-0.2353331363,286.4648746,1593.987329,289.5364813,0.0,0.28,-5.0
0.2229669839,-0.5032956004,0.9774860144,13.58041681,-0.1774261348,-0.07478620519,-0.2855530583,286.9447011,1549.014021,287.4722401,0.0,0.354,-5.46
0.3680913448,-0.4443915784,0.8335284591,13.48710633,0.1667107888,0.09480705589,0.2549022039,286.4308214,1613.357688,290.4121231,0.0,0.329,-5.11
0.3776427805,-0.4560956359,0.8435284495,13.48229813,0.1573974092,0.1071628837,0.3584344751,285.9909819,1612.035318,290.3525966,0.0,0.415,-5.57
0.3959335983,-0.5222559571,0.8680360317,13.55601233,0.08769377057,0.09434584356,0.4601555063,285.7382691,1597.999177,289.7184906,0.0,0.487,-5.98
0.3811460733,-0.4610956311,0.8435284495,13.48686363,0.169618391,0.1274315272,0.4575043591,285.7086753,1612.488155,290.3729852,0.0,0.514,-5.99
0.3576734364,-0.4341662824,0.8235284686,13.49905647,0.1774744434,0.08632046579,0.1960571048,286.7852416,1608.401966,290.1888523,0.0,0.288,-4.86
0.3631544709,-0.4391662776,0.8235284686,13.49514236,0.1751033866,0.1017836116,0.260318518,286.3142526,1610.993086,290.3056546,0.0,0.339,-5.19
0.3526734412,-0.4300413728,0.8235284686,13.49348834,0.1879855394,0.09144034422,0.203278932,286.7942603,1607.567562,290.151209,0.0,0.301,-4.92
0.3726427555,-0.4493916035,0.8335284591,13.48701981,0.1757735869,0.1166927282,0.3588284347,285.9830751,1614.301769,290.4545985,0.0,0.426,-5.6
0.3958883882,-0.5650277734,0.8841289282,13.60062422,0.09709497921,0.01060745341,0.2008690569,286.7504359,1589.653844,289.3394937,-11.31440001,0.233,-4.72
0.3959373832,-0.5517619848,0.872797668,13.58460803,0.09993408413,0.05344201292,0.2877756348,286.4788943,1594.045522,289.5391239,0.0,0.319,-5.17
0.3959373534,-0.5394024849,0.872939229,13.5769696,0.09036187064,0.07369353252,0.4043623467,285.9251789,1594.770687,289.5720476,0.0,0.43,-5.75
0.3959373832,-0.5400277972,0.8606777191,13.56422309,0.08144960177,0.09524928906,0.3756240488,286.1795156,1598.252531,289.7299732,0.0,0.406,-5.57
0.3959373832,-0.5222480297,0.8598722219,13.55203247,0.0927201038,0.120463725,0.4438882861,285.8846148,1599.81808,289.8008975,0.0,0.479,-5.9
0.3956265152,-0.5075580478,0.8553661704,13.53476992,0.1080530832,0.1263054487,0.4968864905,285.6452255,1601.152283,289.8613001,0.0,0.534,-6.13
0.3959232867,-0.5167145729,0.8487303853,13.54169509,0.1019986807,0.1145407951,0.4814067008,285.737484,1602.128239,289.90546,0.0,0.515,-6.04
0.3840008676,-0.4663995802,0.8435284495,13.49222253,0.1628701484,0.1179713644,0.4788010731,285.6370325,1610.874583,290.3003158,0.0,0.529,-6.06
0.3886669278,-0.4763995707,0.8335284591,13.50421067,0.170000328,0.1099576204,0.5134330062,285.5606819,1611.334729,290.3210447,0.0,0.562,-6.18
0.3955460787,-0.505962491,0.8446152806,13.53280548,0.1156592575,0.1246750055,0.5004182167,285.6364912,1603.472164,289.9662368,0.0,0.538,-6.13
0.3924695551,-0.4877800941,0.8325179219,13.51405369,0.1568401132,0.1291147993,0.5332948613,285.525435,1608.656432,290.2003293,0.0,0.58,-6.26
0.3943514824,-0.4964188635,0.8335359097,13.52208814,0.139576881,0.1243171132,0.5229198587,285.5500753,1606.235748,290.0910953,0.0,0.565,-6.22
0.3955532014,-0.5061292052,0.8345008492,13.53027186,0.1211891128,0.124727951,0.5005305403,285.6234544,1605.725852,290.0680704,0.0,0.539,-6.13
0.3908121586,-0.481877327,0.8335284591,13.511477,0.1572170927,0.1037984506,0.5231630218,285.5456855,1608.616414,290.1985245,0.0,0.566,-6.21
0.3959373832,-0.5554199815,0.8553342819,13.56958692,0.07554009023,0.04633028896,0.3001159928,286.573894,1595.908261,289.6236728,0.0,0.323,-5.15
0.3959373534,-0.5306928754,0.8498273492,13.5529904,0.08601259312,0.1152015599,0.4167783114,286.0125434,1600.964048,289.8527805,0.0,0.45,-5.76
0.3959373534,-0.5367151499,0.8397062421,13.55358896,0.07145259418,0.1158123623,0.3746807698,286.174931,1601.535411,289.8786382,0.0,0.408,-5.56
0.1582358629,-0.5345087647,0.9844825864,13.58208068,-0.2526220481,-0.002198345896,-0.1613462387,287.2524195,1567.382164,288.320685,0.0,0.309,-5.09
0.1613007337,-0.5178483725,0.9806649089,13.5747057,-0.2574865726,0.002193083339,-0.1510179297,287.155272,1571.080072,288.4905928,0.0,0.308,-5.09
0.1566707194,-0.5110231042,0.977016449,13.59304159,-0.2418066506,-0.004037001113,-0.1377881783,287.0770193,1570.121188,288.4465637,0.0,0.288,-5.03
0.1229649559,-0.5132499337,0.9624603987,13.60849476,-0.2362748505,0.05075270402,-0.02904090042,287.1587905,1572.305,288.5468084,0.0,0.253,-4.83
0.144283995,-0.4947329462,0.9653832316,13.59248877,-0.2411438789,0.03320321054,-0.07889408046,287.0051954,1574.344773,288.6403468,0.0,0.265,-4.91
0.1376173347,-0.4919863939,0.9608821869,13.59248877,-0.2411438789,0.03320321054,-0.07889408046,287.0051954,1574.344773,288.6403468,0.0,0.265,-4.91
0.1424816996,-0.4853197336,0.9593468308,13.59248877,-0.2411438789,0.03320321054,-0.07889408046,287.0051954,1574.344773,288.6403468,0.0,0.265,-4.91
0.1383171082,-0.5124291182,0.9711672068,13.60016914,-0.242994595,0.02388764856,-0.08763232719,287.1086906,1571.854762,288.5261494,0.0,0.269,-4.92
0.1392860413,-0.5259383917,0.9764157534,13.5874381,-0.2599080905,0.02846926786,-0.08538274247,287.2680069,1572.24996,288.5442831,0.0,0.285,-4.95
0.1809506863,-0.5142550468,0.981234014,13.5729735,-0.2391101563,-0.03809246462,-0.194906988,287.1009144,1566.323014,288.2719649,0.0,0.32,-5.18
0.2029517144,-0.5033942461,0.9773906469,13.58525811,-0.2047040513,-0.06209279531,-0.236466747,286.986251,1558.603061,287.9161042,0.0,0.328,-5.29
0.1701173931,-0.5530129075,0.9895302653,13.59222064,-0.2300528495,-0.0102262412,-0.1797004324,287.255278,1559.018444,287.9352854,0.0,0.302,-5.11
0.1849026382,-0.5646477342,0.991589725,13.600585,-0.2015488255,-0.003381134562,-0.1987181906,287.1749729,1546.077233,287.3358879,2.130411751,0.293,-5.18
0.1544306278,-0.5629711151,0.9878252149,13.5982574,-0.2416928392,0.007210279102,-0.1437983817,287.2782243,1561.832125,288.0651123,-1.681467723,0.291,-5.04
0.1269359738,-0.5640141964,0.9760063291,13.60440267,-0.2460567112,0.003478963202,-0.07439339018,287.3476396,1568.649725,288.3789595,-2.95845783,0.267,-4.87
0.1385800093,-0.5463150144,0.9802123308,13.60283345,-0.2482849575,0.003847470852,-0.1071950177,287.2779046,1567.579114,288.3297419,0.0,0.28,-4.96
0.1191043556,-0.469258666,0.9302056432,13.6199546,-0.1260349011,0.08851030333,0.002814917969,286.7939236,1577.926612,288.8043805,0.0,0.164,-4.36
0.1073931456,-0.4569474161,0.9014621973,13.62131204,-0.0720635323,0.2265788314,0.119777088,286.7975926,1577.675743,288.7929008,0.0,0.276,-5.0
0.1058851331,-0.477078408,0.9220420122,13.62784912,-0.1074274663,0.1399237141,0.05044297629,286.8955197,1576.914693,288.7580671,0.0,0.193,-4.54
0.1022456512,-0.4711041152,0.9092111588,13.63263577,-0.09369992392,0.1800432214,0.07849726953,286.9037586,1578.93812,288.8506529,0.0,0.227,-4.72
0.1026518196,-0.4553039968,0.8863970637,13.62613702,-0.04321331392,0.2410510581,0.1415354783,286.4983317,1580.029855,288.9005704,0.0,0.292,-5.13
0.1055624411,-0.4882284999,0.9304090142,13.63765371,-0.1201124295,0.1024076005,0.02299976442,286.9536541,1577.004156,288.7621625,0.0,0.169,-4.37
0.1212032214,-0.490577668,0.9490718842,13.61873932,-0.1966764915,0.05968148577,-0.02253963229,286.9454493,1574.8818,288.6649583,0.0,0.216,-4.67
0.1074497253,-0.5005314946,0.9420437813,13.63449382,-0.1619410404,0.07279632093,0.003508834701,287.0003502,1574.963695,288.6687109,0.0,0.187,-4.49
0.1345413178,-0.4433790147,0.9157739282,13.61176296,-0.09387048053,0.0844332072,-0.03325898576,286.6113791,1581.914888,288.9866991,0.0,0.14,-4.19
0.1330939084,-0.4628211558,0.9371685982,13.61179553,-0.1494473249,0.04451098702,-0.05070374541,286.7186386,1579.524489,288.8774667,0.0,0.174,-4.44
0.1358150244,-0.4853197336,0.9560369849,13.6086823,-0.2052220951,0.02630603004,-0.07050279179,286.9082174,1574.70874,288.6570278,0.0,0.228,-4.75
0.1376173347,-0.4289796054,0.891861856,13.61031775,-0.04025722081,0.1672358756,-0.0009348937698,286.6027299,1583.281372,289.0490868,0.0,0.182,-4.49
0.144283995,-0.4246814549,0.8878999352,13.61031775,-0.04025722081,0.1672358756,-0.0009348937698,286.6027299,1583.281372,289.0490868,0.0,0.182,-4.49
0.1422157735,-0.4233936965,0.8812332749,13.61031775,-0.04025722081,0.1672358756,-0.0009348937698,286.6027299,1583.281372,289.0490868,0.0,0.182,-4.49
0.1488824487,-0.420599103,0.8812332749,13.59867072,-0.03243182495,0.20518921,0.01784605928,286.529577,1582.579287,289.0170377,0.0,0.218,-4.73
0.1160875186,-0.5082527995,0.9549260139,13.62704298,-0.2062517257,0.03694985582,-0.03865670429,287.0665503,1572.647691,288.5625296,0.0,0.223,-4.7
0.162947759,-0.4934065938,0.9700220227,13.58519222,-0.233116554,-0.007424972229,-0.1292605239,286.9442824,1573.423076,288.5980916,0.0,0.276,-4.99
0.1809809357,-0.4913340509,0.9707760215,13.57885149,-0.2239757595,-0.05337368644,-0.1805366476,286.8969746,1571.452492,288.5076877,0.0,0.302,-5.13
0.1099972352,-0.4409236908,0.8626890182,13.61596974,0.003517970648,0.2765284604,0.2017267359,285.9284255,1581.042999,288.9468713,0.0,0.352,-5.54
0.1097865105,-0.4406533241,0.846514225,13.61312657,0.03259894122,0.2635023543,0.2293869949,285.8048778,1581.642506,288.9742585,0.0,0.36,-5.6
0.1024484113,-0.4508146048,0.8692182899,13.6295801,-0.0005854893428,0.2435611919,0.1650427442,286.0764011,1581.742688,288.9788343,0.0,0.304,-5.29
0.1122925803,-0.4629217684,0.9167725444,13.62718764,-0.09694237489,0.1331287363,0.02825719824,286.8307758,1579.861522,288.8928754,0.0,0.177,-4.43
0.1242840067,-0.4307888746,0.8651950955,13.62222053,0.006895051268,0.2606658645,0.1541478151,285.984454,1583.677857,289.067181,0.0,0.313,-5.34
0.1177666858,-0.4361169636,0.8718617558,13.62222053,0.006895051268,0.2606658645,0.1541478151,285.984454,1583.677857,289.067181,0.0,0.313,-5.34
0.1111000255,-0.4407895505,0.8707824349,13.62222053,0.006895051268,0.2606658645,0.1541478151,285.984454,1583.677857,289.067181,0.0,0.313,-5.34
0.1111000255,-0.4415369034,0.8774490952,13.63661063,-0.002246485384,0.2263512061,0.1208800657,286.1459637,1584.090531,289.0860104,0.0,0.266,-5.07
0.1980402023,-0.413411051,0.8375323415,13.5777699,-0.01192101267,0.1258829267,-0.2086992286,286.4161498,1596.256723,289.6394812,0.0,0.254,-4.86
0.3276554346,-0.4165275991,0.8230320811,13.47497379,0.2858198989,0.1822689347,0.1262929197,287.1002908,1577.730158,288.7953909,0.0,0.371,-5.31
0.3233161867,-0.4092878401,0.8095008135,13.48390787,0.3179568815,0.1241365213,0.07883354379,286.7927559,1576.324502,288.7310449,0.0,0.36,-5.36
0.3255549669,-0.4127582312,0.8159375787,13.49243402,0.303230243,0.1269053422,0.1006195898,286.9031269,1576.988786,288.7614589,0.0,0.353,-5.3
0.3043130934,-0.4064156413,0.8107721806,13.47717128,0.3777998409,0.1163445256,-0.02310317131,286.736484,1572.574668,288.5591798,0.0,0.406,-5.57
0.3200818598,-0.4053982496,0.8003516197,13.50670475,0.3170435584,0.05374349932,0.03746327006,286.7631921,1575.124679,288.6760872,0.0,0.333,-5.27
0.3189686239,-0.4063086808,0.804191947,13.48503652,0.3565348914,0.08712423104,-0.001351102541,286.6953529,1574.355571,288.6408417,0.0,0.377,-5.46
0.3358047605,-0.4198719859,0.8229416013,13.48090084,0.2548568871,0.150215587,0.1614584124,287.072242,1587.817603,289.255902,0.0,0.347,-5.16
0.3413137496,-0.421177268,0.8191290498,13.4845335,0.2240334198,0.1158686101,0.1927226947,286.9754249,1598.448947,289.7388743,0.0,0.327,-5.04
0.3389158249,-0.4223125279,0.8257957101,13.49201419,0.2364606429,0.1351458237,0.1576848202,287.2338952,1592.351513,289.4621692,0.0,0.324,-5.0
0.347617358,-0.4271682799,0.8251951337,13.49413734,0.2105006365,0.1053719053,0.1812717125,287.0779414,1601.083183,289.8581727,0.0,0.307,-4.92
0.3446470797,-0.4243265092,0.8218618035,13.49413734,0.2105006365,0.1053719053,0.1812717125,287.0779414,1601.083183,289.8581727,0.0,0.307,-4.92
0.3413137496,-0.4223125279,0.8224623799,13.49413734,0.2105006365,0.1053719053,0.1812717125,287.0779414,1601.083183,289.8581727,0.0,0.307,-4.92
0.2241818607,-0.4130796492,0.8284640312,13.56547826,0.06564264892,0.1654209793,-0.2243909373,286.4840113,1606.042907,290.082388,0.0,0.296,-4.99
0.2458031476,-0.4132277668,0.8314589262,13.53850041,0.1657167527,0.2471239295,-0.2523956207,286.6067732,1601.969418,289.8982751,0.0,0.4,-5.4
0.2318537235,-0.413411051,0.837572515,13.55568629,0.07575220416,0.2024294692,-0.2592520923,286.5386463,1599.395738,289.7817692,0.0,0.347,-5.24
0.2712301314,-0.4091035724,0.8189142346,13.50902077,0.3151798738,0.2252655303,-0.1707469526,286.6502933,1593.725658,289.524598,0.0,0.433,-5.56
0.2884391844,-0.4065897763,0.8134467602,13.47806193,0.3845407895,0.1784328783,-0.1126947659,286.6689788,1581.222759,288.9550841,0.0,0.448,-5.67
0.2890710235,-0.4083869755,0.8174902797,13.4819038,0.3826223826,0.1840486438,-0.0553714559,286.7768334,1577.999068,288.8076958,0.0,0.438,-5.63
0.1824324578,-0.4142155051,0.8675316572,13.58365739,-0.02896945135,0.05926952437,-0.173206719,286.354388,1587.525621,289.2426034,0.0,0.195,-4.6
0.1941418797,-0.4134247303,0.8579846621,13.57608814,-0.01728621262,0.05963590858,-0.2026884773,286.3877672,1590.082365,289.358991,0.0,0.222,-4.74
0.2061533034,-0.4134110808,0.8507195115,13.56799729,0.001878736353,0.08429710809,-0.2123953591,286.4055602,1593.011156,289.4921424,0.0,0.238,-4.8
0.1810081452,-0.4134887159,0.8490560055,13.58657041,-0.01423293171,0.11702402,-0.1727786372,286.4029835,1591.282509,289.4135753,0.0,0.219,-4.71
0.193235144,-0.413411051,0.8478676677,13.57887699,-0.01835864011,0.09726814652,-0.2021916441,286.3999812,1592.730444,289.4793884,0.0,0.235,-4.79
0.2152525783,-0.413411051,0.8367589116,13.56912938,0.02687631812,0.1518482388,-0.2332068688,286.470843,1599.512213,289.7870449,0.0,0.289,-5.0
0.1809491366,-0.5033186078,0.9770129323,13.58935135,-0.2233360481,-0.03744258204,-0.1848003371,287.0195677,1566.415661,288.2762276,0.0,0.302,-5.13
0.1574908048,-0.4226873219,0.8945665956,13.60246811,-0.04954690089,0.06469604238,-0.1066731931,286.4516787,1584.958286,289.1255921,0.0,0.144,-4.24
0.1609506756,-0.4163284004,0.8685284257,13.59758331,-0.007160430266,0.1421028708,-0.09318292511,286.4465141,1587.151019,289.225539,0.0,0.18,-4.48
0.3776427507,-0.4560956359,0.8335284591,13.49124888,0.1711537061,0.1010092353,0.3847740706,285.8554038,1614.318292,290.4553418,0.0,0.443,-5.7
0.3681544662,-0.4443653822,0.8235284686,13.49954958,0.1702909494,0.09187538986,0.2773575939,286.1948903,1611.828223,290.3432708,0.0,0.348,-5.26
0.3811460733,-0.4610956311,0.8335284591,13.49307186,0.1870637538,0.1284902457,0.4818407825,285.6293488,1614.772047,290.47575,0.0,0.542,-6.08
0.3592104912,-0.4330569506,0.8157024384,13.51155449,0.1669828883,0.07992657959,0.195231694,286.4817722,1606.246436,290.0915779,0.0,0.279,-4.91
0.3660016954,-0.4380662441,0.8118618131,13.50683161,0.1781354466,0.1064766719,0.2812148759,286.0465499,1608.240591,290.1815732,0.0,0.359,-5.37
0.3627369702,-0.4363902807,0.8151951432,13.50683161,0.1781354466,0.1064766719,0.2812148759,286.0465499,1608.240591,290.1815732,0.0,0.359,-5.37
0.3612256944,-0.4330569506,0.8123691082,13.50683161,0.1781354466,0.1064766719,0.2812148759,286.0465499,1608.240591,290.1815732,0.0,0.359,-5.37
0.3542840183,-0.4268050492,0.8118618131,13.50678468,0.1781772529,0.08124611489,0.1926146567,286.537616,1606.468203,290.1015903,0.0,0.284,-4.92
0.3576173484,-0.429815799,0.8123691082,13.50678468,0.1781772529,0.08124611489,0.1926146567,286.537616,1606.468203,290.1015903,0.0,0.284,-4.92
0.355877161,-0.4300802052,0.8157024384,13.50678468,0.1781772529,0.08124611489,0.1926146567,286.537616,1606.468203,290.1015903,0.0,0.284,-4.92
0.3612256944,-0.4311351776,0.809035778,13.50203779,0.180882848,0.1105551803,0.2627884651,286.1410109,1609.421461,290.2348258,0.0,0.347,-5.28
0.3726427555,-0.4493654072,0.8235284686,13.49746827,0.1909905681,0.1183675501,0.3912629651,285.8037185,1613.125645,290.4016803,0.0,0.461,-5.78
0.3959373534,-0.5660459995,0.8647769094,13.5791699,0.1008907144,0.01085978716,0.2761391433,286.7070119,1591.576168,289.4269266,-12.51247217,0.304,-5.06
0.3959373534,-0.5483452082,0.8624379635,13.56780875,0.0984677987,0.0485432535,0.4028755535,286.0707546,1596.632501,289.6565259,0.0,0.427,-5.69
0.3959373534,-0.5455679297,0.8447647691,13.55956239,0.07869042022,0.07058648503,0.3732638425,286.2498954,1599.262494,289.7757337,0.0,0.398,-5.52
0.3959171176,-0.5148530006,0.8390840292,13.53793297,0.1061809738,0.1187956428,0.4821439464,285.7217538,1604.55134,290.0150131,0.0,0.517,-6.04
0.3959373534,-0.5249999166,0.8396397233,13.54526083,0.09402272798,0.1130671949,0.448630817,285.8771963,1603.695338,289.9763258,0.0,0.482,-5.89
0.3840008676,-0.4663995802,0.8335284591,13.49798918,0.1800821792,0.1177279463,0.4992567313,285.588046,1613.662003,290.4258166,0.0,0.553,-6.14
0.3886669278,-0.4763995707,0.8235284686,13.50896153,0.1790565542,0.1096035289,0.5236555224,285.5424734,1613.964837,290.4394417,0.0,0.574,-6.21
0.3922155797,-0.4868731201,0.8235906959,13.51475912,0.1604776541,0.1273266015,0.5329852925,285.5198403,1611.462193,290.3267859,0.0,0.581,-6.25
0.3942407966,-0.4957866967,0.8228616714,13.52174581,0.1420096402,0.1248257499,0.5192005055,285.5463747,1608.272238,290.1830007,0.0,0.562,-6.21
0.395566076,-0.5063819885,0.8246516585,13.52874706,0.123130685,0.1244986744,0.4965603466,285.6207581,1607.531768,290.1495939,0.0,0.536,-6.11
0.3959307969,-0.5178887248,0.8292412758,13.53778368,0.100975743,0.1338215159,0.4455419036,285.8183797,1605.788168,290.0708846,0.0,0.486,-5.9
0.3908121586,-0.481877327,0.8235284686,13.51504433,0.1645015576,0.103438077,0.5297786436,285.5352,1611.124819,290.3115891,0.0,0.574,-6.23
0.3959373534,-0.5677350163,0.8375248909,13.56296627,0.02571373547,0.03759862641,0.2323717098,286.9108196,1597.897779,289.7138946,-12.16800735,0.246,-4.69
0.3959373534,-0.566378653,0.8469086885,13.5647003,0.08978795386,0.007198375827,0.284485811,286.8157162,1592.779915,289.4816362,-13.50832608,0.308,-5.04
0.3959373832,-0.5592817664,0.8361299634,13.55972115,0.05270326921,0.04903618439,0.2990059172,286.6273217,1596.997204,289.6730653,0.0,0.317,-5.1
0.3959373534,-0.5323976278,0.8295528889,13.54588434,0.07766877049,0.1230477374,0.3958827414,286.0650129,1603.632718,289.973495,0.0,0.431,-5.66
0.3959373534,-0.5454803705,0.8299927115,13.5523749,0.07364934668,0.07895647181,0.3785588245,286.2269426,1600.474143,289.8306038,0.0,0.403,-5.53
0.1466632485,-0.5264130831,0.9796218872,13.60568718,-0.2387111101,0.01012538731,-0.1058457294,287.1962001,1569.332269,288.4103239,0.0,0.271,-4.93
0.1245075688,-0.530685544,0.9693391919,13.61230983,-0.2381736768,0.02505812852,-0.04393250479,287.2380437,1570.551861,288.4663414,0.0,0.253,-4.82
0.1080586091,-0.5295501351,0.9555202723,13.63248183,-0.1983434236,0.03670557092,0.04458049523,287.2074539,1571.254399,288.4985951,0.0,0.216,-4.64
0.1021900401,-0.5187543631,0.9445381165,13.64203079,-0.1677778123,0.04898948597,0.01275060746,287.1124443,1572.776396,288.5684334,0.0,0.185,-4.47
0.10796047,-0.5668289065,0.9623286724,13.63495279,-0.203594183,0.01023473029,-0.05675217776,287.3000735,1569.15701,288.4022713,-3.712544188,0.221,-4.65
0.1116761342,-0.5516911745,0.9633360505,13.62760445,-0.2169239374,0.01260886723,-0.02353378672,287.270496,1569.772064,288.4305281,0.0,0.228,-4.69
0.09364855289,-0.5229994655,0.934419632,13.65678637,-0.110359184,0.07256342818,0.06645279572,287.1262329,1573.663234,288.6091034,0.0,0.157,-4.27
0.0959142074,-0.4671667516,0.8906433582,13.63879901,-0.0656412843,0.1958880263,0.1011671036,286.736088,1581.061346,288.9477096,0.0,0.24,-4.81
0.09404075146,-0.4885961115,0.9114845395,13.64340326,-0.1087899505,0.1343220279,0.03704687166,286.9862134,1579.332191,288.868674,0.0,0.186,-4.46
0.09055012465,-0.4831141531,0.8978632092,13.64286495,-0.06887771981,0.1858751234,0.05139344493,287.0258873,1578.863348,288.8472332,0.0,0.214,-4.62
0.08912420273,-0.5047257543,0.9142382741,13.65165087,-0.07723521125,0.1401248775,0.03034519179,287.0678269,1577.810053,288.799047,0.0,0.172,-4.36
0.09262003005,-0.4644665718,0.8735821843,13.64194077,-0.001664407971,0.1997828106,0.1312941437,286.2595277,1581.518468,288.9685928,0.0,0.249,-4.97
0.08663158119,-0.4794712067,0.8757296801,13.64127928,-0.0193186093,0.2055347398,0.06098501887,286.937497,1579.40227,288.8718785,0.0,0.225,-4.69
0.09547459334,-0.5108907223,0.9308910966,13.64747855,-0.1247573808,0.06700348928,0.00189623567,287.0417634,1576.197208,288.7252157,0.0,0.151,-4.23
0.08673083037,-0.5130723119,0.9148705006,13.65215017,-0.1222033707,0.09280164121,0.001862085142,287.0516353,1578.956615,288.8514988,0.0,0.163,-4.29
0.1367188543,-0.4238990843,0.8685284257,13.61854778,-0.003928013906,0.2562769564,0.01526503118,286.5609646,1586.218712,289.1830562,0.0,0.266,-4.95
0.1467188597,-0.4197599888,0.8685284257,13.60620383,0.01131365558,0.2894109727,0.02819892502,286.4405666,1585.743956,289.1614156,0.0,0.301,-5.15
0.09509650618,-0.532238543,0.93996948,13.64918994,-0.1534310476,0.03110599486,-0.0155358408,287.1269976,1573.538698,288.6033933,0.0,0.167,-4.34
0.109685123,-0.4405164719,0.8265095949,13.6057581,0.04392130854,0.2499638295,0.268333223,285.7573924,1580.185061,288.9076648,0.0,0.379,-5.7
0.09919795394,-0.4535082579,0.8473420739,13.62713051,0.03371166039,0.2379434056,0.2016319406,285.8493337,1581.498615,288.9676859,0.0,0.323,-5.43
0.1209506691,-0.4324771464,0.8485284448,13.61948653,0.04284111553,0.2411437034,0.1954292597,285.7866061,1585.601883,289.1549386,0.0,0.323,-5.42
0.1013546512,-0.450705409,0.8299053311,13.61839721,0.05424718755,0.2235569566,0.2475999967,285.7889491,1579.846929,288.8922083,0.0,0.348,-5.57
0.09047173709,-0.4664141238,0.8586189151,13.63340127,0.01344232867,0.2447015951,0.1419506086,286.2985523,1578.215347,288.8175912,0.0,0.293,-5.2
0.08983454853,-0.467148304,0.8467327952,13.63975237,0.03768793464,0.2048610742,0.1775147225,285.9154343,1580.38766,288.9169247,0.0,0.283,-5.24
0.1983111203,-0.412617594,0.8278372884,13.58260343,-0.001453302888,0.1784412756,-0.2237590297,286.4827821,1601.476637,289.8759787,0.0,0.296,-5.02
0.3143012524,-0.4035821259,0.7977592349,13.49765502,0.3489869325,0.03479359294,-0.03479025206,286.6670611,1575.804252,288.7072188,0.0,0.362,-5.41
0.1800574511,-0.4098781645,0.8204385638,13.58476284,-0.03846769212,0.2130256726,-0.2147910453,286.4923842,1595.723573,289.6152933,0.0,0.315,-5.14
0.1851986945,-0.4132042825,0.833810091,13.58654844,-0.02158034836,0.1792819614,-0.2078085788,286.4693358,1595.066366,289.5854687,0.0,0.285,-5.01
0.1928870678,-0.413411051,0.8316814899,13.58689884,-0.01275788487,0.1873245431,-0.2339549387,286.5080046,1597.027477,289.674438,0.0,0.31,-5.1
0.3346805871,-0.415604353,0.8140761256,13.50119241,0.2574826325,0.09619619875,0.1391095242,286.8883962,1589.100027,289.3142898,0.0,0.318,-5.09
0.3357260227,-0.410856396,0.8000709414,13.51220728,0.2595086012,0.0675344092,0.09711570958,286.7601502,1587.924764,289.2607824,0.0,0.295,-5.03
0.3296313584,-0.4099336267,0.8049091697,13.51233681,0.2851330222,0.06286853617,0.07742364197,286.7844411,1582.076522,288.9940807,0.0,0.312,-5.13
0.3013918102,-0.4034844637,0.8027222753,13.48833532,0.3739495228,0.05680550714,-0.03680365699,286.7066501,1574.826562,288.6624271,0.0,0.39,-5.5
0.3247440755,-0.4057077169,0.7948488593,13.51996954,0.2834834976,0.0455367508,0.01207896906,286.745213,1579.70335,288.8856443,0.0,0.297,-5.09
0.3433658481,-0.419919163,0.8135284781,13.50260807,0.2206695243,0.07956153212,0.1695715293,286.8108835,1599.39123,289.781565,0.0,0.299,-4.96
0.3483658731,-0.4231519997,0.8135284781,13.51038515,0.2014509026,0.07481103543,0.1626162675,286.8440105,1601.023379,289.8554659,0.0,0.279,-4.85
0.2249648571,-0.4101604819,0.8210989237,13.5751968,0.08010461685,0.1806326793,-0.216670405,286.5093215,1609.892325,290.2560518,0.0,0.303,-4.99
0.2461295873,-0.4102693498,0.8213275075,13.5501414,0.2016482616,0.2275082569,-0.2203442474,286.6238301,1608.239867,290.1815405,0.0,0.385,-5.31
0.2460426688,-0.406034708,0.8119025826,13.55948689,0.1960218662,0.1617191947,-0.1924214876,286.5510063,1611.406592,290.3242816,0.0,0.328,-5.08
0.2635611892,-0.4060923159,0.8120301962,13.5242603,0.318018688,0.1607462416,-0.1505373645,286.650949,1601.128279,289.8602137,0.0,0.396,-5.38
0.2861814499,-0.4046872854,0.8081300259,13.4928241,0.3764195508,0.1138878277,-0.1111792426,286.6463257,1585.341225,289.1430543,0.0,0.418,-5.56
0.3375247419,-0.4128688872,0.8036851883,13.52159492,0.225743388,0.05993628895,0.1063255583,286.8100543,1591.492904,289.4231412,0.0,0.266,-4.86
0.3393446207,-0.41177544,0.796841681,13.53756362,0.1630594073,0.05759992762,0.06634004629,286.7509061,1592.714741,289.4786749,0.0,0.195,-4.48
0.3301538229,-0.4063113928,0.7894116044,13.53633275,0.2002549995,0.04877133086,0.01247183687,286.8797344,1583.465493,289.0574898,0.0,0.216,-4.63
0.1626891643,-0.4150720835,0.8454174995,13.59691801,0.01056005037,0.239572481,-0.1141477075,286.4748545,1590.804399,289.3918338,0.0,0.275,-4.99
0.1733356863,-0.4135701656,0.8362676501,13.5959066,-0.009264676192,0.2285785555,-0.2035068631,286.5469065,1593.561809,289.5171562,0.0,0.316,-5.14
0.1648498178,-0.4141909778,0.8315711021,13.59600476,0.009729183422,0.2725704763,-0.1824134944,286.518075,1593.361379,289.5080523,0.0,0.338,-5.24
0.165849179,-0.4091257453,0.8172593117,13.58348502,-0.03066046686,0.262842436,-0.214886002,286.4408846,1593.849004,289.5301997,0.0,0.35,-5.31
0.172112301,-0.4115678072,0.8244178295,13.59022636,-0.01115373522,0.2520637294,-0.2151204987,286.5120352,1594.771726,289.5720948,0.0,0.341,-5.25
0.3520878255,-0.4205676615,0.8009815812,13.51544152,0.1709396273,0.08118665039,0.1782297089,286.3637337,1606.568407,290.106114,0.0,0.27,-4.89
0.3776427507,-0.4560956359,0.8235284686,13.50161108,0.1879446447,0.1030241049,0.4214208093,285.7186808,1614.359742,290.4572062,0.0,0.482,-5.87
0.3695326746,-0.4429381192,0.8135284781,13.51109181,0.176050217,0.09511198052,0.3117715897,285.9409605,1608.449225,290.1909839,0.0,0.38,-5.48
0.3811460733,-0.4610956311,0.8235284686,13.49951889,0.1992592994,0.1297800013,0.5012842673,285.5740153,1615.349515,290.5017162,0.0,0.564,-6.16
0.3660896122,-0.434732914,0.8051951528,13.51848978,0.1827090329,0.1175190678,0.321567994,285.8118616,1606.190365,290.0890462,0.0,0.398,-5.6
0.3691479266,-0.4380662739,0.805015564,13.51848978,0.1827090329,0.1175190678,0.321567994,285.8118616,1606.190365,290.0890462,0.0,0.398,-5.6
0.3692165613,-0.4366696179,0.8016822338,13.51848978,0.1827090329,0.1175190678,0.321567994,285.8118616,1606.190365,290.0890462,0.0,0.398,-5.6
0.3576173484,-0.4265867472,0.8051951528,13.5198222,0.1587416065,0.08812108622,0.1874385185,286.2651229,1605.892412,290.0755922,0.0,0.271,-4.93
0.3554211557,-0.4235178232,0.8018618226,13.5198222,0.1587416065,0.08812108622,0.1874385185,286.2651229,1605.892412,290.0755922,0.0,0.271,-4.93
0.3520878255,-0.4217221737,0.8043149114,13.5198222,0.1587416065,0.08812108622,0.1874385185,286.2651229,1605.892412,290.0755922,0.0,0.271,-4.93
0.3623563647,-0.4300480187,0.8035284877,13.51462494,0.1821613894,0.125495812,0.2897078379,285.8947248,1607.602733,290.1527961,0.0,0.374,-5.47
0.3734267056,-0.4479381442,0.8135284781,13.50696203,0.2023387085,0.1228044467,0.4270057764,285.6672764,1610.130349,290.2667799,0.0,0.498,-5.96
0.3720578253,-0.440002948,0.8016822338,13.51219171,0.2109899405,0.1452222385,0.435554915,285.6157276,1607.359929,290.1418396,0.0,0.515,-6.05
0.3924840093,-0.4878522456,0.8145742416,13.51506649,0.1588677347,0.1273499336,0.5297031314,285.5162841,1613.389094,290.4135364,0.0,0.577,-6.23
0.3840008676,-0.4663995802,0.8235284686,13.50383093,0.1908429564,0.1180651807,0.514108896,285.5549789,1615.485495,290.5078296,0.0,0.571,-6.19
0.3886669278,-0.4763995707,0.8135284781,13.51271272,0.1791566685,0.111424276,0.5282249902,285.5314373,1614.286193,290.4538979,0.0,0.578,-6.22
0.3955673873,-0.5061466098,0.814694345,13.52694228,0.1261575955,0.1265816752,0.4941471031,285.6074071,1608.778208,290.2058213,0.0,0.535,-6.1
0.3945510983,-0.4976155162,0.8125870824,13.52111862,0.1426366264,0.1257330233,0.5155275493,285.5412371,1609.58332,290.2421228,0.0,0.559,-6.19
0.3959177136,-0.514836967,0.8188604116,13.53328352,0.111902435,0.1193909657,0.4828098482,285.681661,1608.931964,290.212755,0.0,0.519,-6.03
0.3959373832,-0.5256620646,0.8188604116,13.53963332,0.09063885601,0.1252668507,0.4317111575,285.9022153,1606.567585,290.1060769,0.0,0.468,-5.82
0.3908121586,-0.481877327,0.8135284781,13.51757612,0.1642107856,0.1053703283,0.5313632775,285.5280099,1611.819396,290.3428733,0.0,0.576,-6.23
0.3959373534,-0.5663657188,0.8174061179,13.55353235,0.02095996562,0.03399356823,0.2555895122,286.8379199,1597.357688,289.6894106,-12.71913102,0.268,-4.82
0.3959373534,-0.5660629869,0.8294939995,13.55511526,0.08039244219,0.01308157987,0.2970937005,286.7974057,1594.245672,289.5482121,-13.99852645,0.318,-5.08
0.3959373534,-0.5485114455,0.808701694,13.5461229,0.03947950374,0.09094848782,0.3315822825,286.3933429,1600.344985,289.8247563,0.0,0.356,-5.31
0.3959373832,-0.557187736,0.8183489442,13.55213013,0.05767228664,0.05566269875,0.3311690822,286.4934676,1597.651473,289.7027295,0.0,0.35,-5.27
0.3959373534,-0.5412470102,0.8183216453,13.54692292,0.06515555038,0.1062193001,0.3754487687,286.1937033,1602.434459,289.9193117,0.0,0.405,-5.54
0.3959373534,-0.5360017419,0.8091745973,13.54023024,0.07723531868,0.1197140491,0.4020283059,286.0560745,1604.450765,290.0104684,0.0,0.436,-5.68
0.3959373534,-0.5238797069,0.8066337109,13.53487561,0.09934894073,0.1339025039,0.4305801817,285.8773715,1607.019241,290.1264642,0.0,0.471,-5.83
0.09802134335,-0.5450779796,0.9474952817,13.64823419,-0.1686329644,0.01744611514,-0.02584306991,287.2072745,1571.709887,288.519501,0.0,0.181,-4.43
0.09425767511,-0.5630456805,0.9429559708,13.65859247,-0.138937849,0.01681018178,0.02099333641,287.3183659,1571.71511,288.5197406,-3.7963098,0.151,-4.2
0.083416529,-0.5673346519,0.9229305387,13.67409406,-0.02974662193,0.03166379736,0.05397537262,287.4278417,1575.835512,288.7086506,-4.173021102,0.079,-4.02
0.08571942896,-0.5509180427,0.9244207144,13.66609621,-0.1025405453,0.03362720088,0.001786027806,287.2044917,1574.531534,288.6489066,0.0,0.118,-4.08
0.08651314676,-0.5258147717,0.918595314,13.66298992,-0.09912283702,0.06672626039,-0.002694496328,287.1169663,1576.722687,288.7492768,0.0,0.129,-4.08
0.08260705322,-0.5163296461,0.8996421099,13.66183046,-0.08041634459,0.1112638311,-0.003420124864,287.1215467,1579.205482,288.8628799,0.0,0.147,-4.16
0.08392161131,-0.4993151724,0.8911756277,13.65299012,-0.0527187752,0.1441020908,0.01010359304,287.1200009,1579.907047,288.8949565,0.0,0.163,-4.27
0.07935628295,-0.5146257877,0.8826548457,13.66327868,-0.0149466391,0.1181108723,-0.04101354014,287.3639268,1579.676397,288.884412,-6.252862968,0.136,-4.03
0.08374965936,-0.4831745923,0.8542160392,13.64638056,0.01325932846,0.1992271145,0.09462472005,286.522182,1577.952707,288.8055745,0.0,0.231,-4.83
0.07959327847,-0.5050880909,0.8668025732,13.65680313,0.002453694965,0.1333300886,0.01875587747,286.9985114,1579.85822,288.8927244,0.0,0.144,-4.16
0.07946994156,-0.534466207,0.8938450217,13.66454344,-0.1079919628,0.06040798826,-0.03439561746,287.1365428,1578.806311,288.8446244,0.0,0.138,-4.09
0.1353493929,-0.4233922362,0.8485285044,13.6234149,0.04858894142,0.2488987896,0.0524814653,286.1165107,1589.210307,289.3193091,0.0,0.269,-5.06
0.1444696486,-0.4195834696,0.8465285301,13.60262782,0.05170784743,0.2975317577,0.07274310991,286.0382423,1589.198865,289.3187883,0.0,0.32,-5.32
0.08066353202,-0.5406922102,0.9070261121,13.6728735,-0.008363215553,0.0625315907,-0.006015443011,287.303943,1577.478152,288.7838582,-5.61788361,0.073,-4.03
0.1061123163,-0.4384911954,0.8065233231,13.59160214,0.04497548409,0.2410745385,0.3194190733,285.7222186,1579.828276,288.8913555,0.0,0.412,-5.83
0.1229506731,-0.4302669168,0.8285285234,13.6110392,0.07395800019,0.2243336343,0.2386039137,285.8230885,1584.942143,289.1248559,0.0,0.345,-5.51
0.09828101844,-0.4502962232,0.8083535433,13.60199865,0.05858566065,0.2144862533,0.3054357922,285.7514105,1579.19491,288.8623964,0.0,0.387,-5.74
0.09173429757,-0.4635496736,0.8322338462,13.62829101,0.06244740748,0.1928301157,0.2397586766,285.8014167,1579.681741,288.8846564,0.0,0.324,-5.46
0.08653349429,-0.4754806161,0.833802402,13.6354328,0.0305348198,0.2146092984,0.1774202182,286.0228652,1576.616161,288.7443996,0.0,0.29,-5.27
0.09048736095,-0.4649923146,0.8177037835,13.61689677,0.0343304593,0.2231903379,0.2478882187,285.8861055,1576.489506,288.7386005,0.0,0.345,-5.55
0.08907419443,-0.4653786421,0.8066610694,13.61182484,0.06516789789,0.1847372642,0.2983072426,285.766718,1579.598045,288.8808298,0.0,0.366,-5.65
0.1829253286,-0.4120790958,0.8251616359,13.59281663,0.002931564958,0.2287571322,-0.2403683946,286.5650719,1596.07856,289.6313989,0.0,0.341,-5.23
0.2030315101,-0.4093788862,0.8195303679,13.58923097,0.01092275052,0.1976963575,-0.2213492371,286.5258122,1604.171194,289.9978342,0.0,0.307,-5.04
0.3168437779,-0.4029495716,0.791936636,13.512735,0.3097302661,0.02745463784,-0.04231208549,286.6835825,1578.74544,288.8418403,0.0,0.323,-5.23
0.3077599704,-0.4016227722,0.7930879593,13.4979003,0.3427210417,0.02166625333,-0.05459421762,286.6826247,1576.401072,288.7345511,0.0,0.357,-5.38
0.1680026799,-0.4063469172,0.8105098605,13.58263755,0.004545423667,0.2340115142,-0.2444144236,286.4121715,1592.095191,289.4505197,0.0,0.348,-5.32
0.1832871586,-0.4073216617,0.8147848248,13.58852728,-0.04413209881,0.2103659265,-0.221713864,286.5206502,1596.630117,289.6564177,0.0,0.318,-5.14
0.2063453794,-0.4047213197,0.8084081411,13.59122053,-0.003213307098,0.1735362192,-0.1893835059,286.4887915,1603.51501,289.9681738,0.0,0.266,-4.86
0.3347939849,-0.4090901911,0.7934525609,13.53284266,0.2057337461,0.05592777283,0.05621001366,286.7527854,1590.176045,289.3632528,0.0,0.23,-4.7
0.3504744768,-0.4217221737,0.8076482415,13.52497594,0.1670498484,0.06508496057,0.1334519945,286.6264293,1601.681809,289.8852625,0.0,0.233,-4.67
0.2982262671,-0.4018292129,0.7972020507,13.49710022,0.3628253069,0.02155577056,-0.04351335091,286.6984351,1577.518312,288.7856961,0.0,0.376,-5.44
0.3325823843,-0.4069623351,0.7845690846,13.54347591,0.1100761456,0.07602428018,0.007631594717,286.680301,1589.696459,289.3414328,0.0,0.144,-4.16
0.321664542,-0.4031759799,0.7816977501,13.53228308,0.1410819099,0.0811425864,-0.06931723355,286.9822161,1581.868122,288.9845632,0.0,0.186,-4.44
0.3442840278,-0.415979892,0.8018618226,13.51995497,0.1902481124,0.06237609592,0.1348752766,286.6702302,1600.391496,289.8268621,0.0,0.251,-4.76
0.347617358,-0.4188161194,0.8043149114,13.51995497,0.1902481124,0.06237609592,0.1348752766,286.6702302,1600.391496,289.8268621,0.0,0.251,-4.76
0.3471411467,-0.4196480513,0.8076482415,13.51995497,0.1902481124,0.06237609592,0.1348752766,286.6702302,1600.391496,289.8268621,0.0,0.251,-4.76
0.2255568951,-0.406260848,0.8124881387,13.58451048,0.1016066261,0.1772333761,-0.1956120863,286.5498543,1611.800275,290.3420123,0.0,0.292,-4.92
0.2460462749,-0.407671541,0.8161181211,13.5610935,0.2293445364,0.184367899,-0.18022592,286.6485328,1613.791618,290.4316485,0.0,0.355,-5.15
0.245755136,-0.4035364985,0.8046296835,13.56883426,0.20043811,0.1272083978,-0.1654433802,286.5681818,1614.953286,290.4839003,0.0,0.299,-4.93
0.2644397914,-0.4032347798,0.8036102653,13.53671192,0.3096699716,0.09644460362,-0.1264500247,286.6516348,1608.978247,290.214842,0.0,0.358,-5.19
0.2828372121,-0.402566731,0.8011333346,13.50654882,0.3590449365,0.05496716583,-0.09866036198,286.6279719,1592.885361,289.4864272,0.0,0.386,-5.4
0.347617358,-0.4161916077,0.7951951623,13.53417438,0.1392244361,0.07051124804,0.107362072,286.4634209,1601.474612,289.875887,0.0,0.199,-4.51
0.3445940316,-0.4136901796,0.7918618321,13.53417438,0.1392244361,0.07051124804,0.107362072,286.4634209,1601.474612,289.875887,0.0,0.199,-4.51
0.3412606716,-0.4118966758,0.7927401066,13.53417438,0.1392244361,0.07051124804,0.107362072,286.4634209,1601.474612,289.875887,0.0,0.199,-4.51
0.1555045545,-0.4161605239,0.8337849975,13.60047972,0.04360065111,0.2901821211,-0.1176922278,286.3102514,1592.788977,289.4820479,0.0,0.326,-5.25
0.1631971449,-0.411724329,0.8217920661,13.59462941,0.04306549441,0.2572040585,-0.2245736963,286.4353308,1594.320148,289.5515937,0.0,0.354,-5.33
0.1606577188,-0.4114607275,0.8204662204,13.59005219,0.009863304892,0.2922446627,-0.1639430103,286.2831458,1593.906902,289.532829,0.0,0.345,-5.33
0.1575254947,-0.4138180017,0.8240812421,13.59803149,0.05415815129,0.2724146988,-0.1367691021,286.2401045,1593.975262,289.5359334,0.0,0.319,-5.23
0.1593672782,-0.4054864645,0.8046329021,13.57400403,-0.01449756282,0.2479552863,-0.2105823061,286.2489907,1592.649865,289.475727,0.0,0.335,-5.31
0.1560959369,-0.409802258,0.8139377236,13.58502863,0.04590198624,0.2426042581,-0.1558609511,286.1943181,1593.601559,289.5189616,0.0,0.302,-5.17
0.3533815145,-0.4196207821,0.7935284972,13.52959504,0.1484915921,0.1044955552,0.1823908794,286.0861936,1606.644475,290.1095479,0.0,0.267,-4.95
0.378426671,-0.4554011226,0.8135284781,13.51006839,0.1978135661,0.1071320934,0.453894376,285.6232568,1611.746709,290.3395999,0.0,0.516,-6.02
0.3708820343,-0.4414912462,0.8083488941,13.52162573,0.1836185404,0.1040586579,0.3600066048,285.7409341,1606.020158,290.0813608,0.0,0.427,-5.73
0.3814609349,-0.4604011178,0.8135284781,13.50511085,0.2023875195,0.1318965704,0.513864226,285.5435682,1613.972865,290.4398028,0.0,0.577,-6.22
0.3689662814,-0.4336159527,0.7935284972,13.52718266,0.1889682839,0.129216386,0.3723863589,285.6654647,1605.606015,290.0626582,0.0,0.447,-5.82
0.3583815098,-0.4234999716,0.7935284972,13.53241561,0.1433747569,0.1083799223,0.2102754575,285.9784323,1606.053501,290.0828664,0.0,0.286,-5.07
0.3639662862,-0.4284999967,0.7935284972,13.52513691,0.1886003108,0.143320241,0.3377208182,285.7074288,1606.662414,290.1103577,0.0,0.422,-5.71
0.3775161207,-0.4480662346,0.8018618226,13.51450429,0.2073382165,0.1284397566,0.4586557573,285.5903904,1607.168453,290.1331985,0.0,0.529,-6.1
0.3742311299,-0.4448245764,0.8051951528,13.51450429,0.2073382165,0.1284397566,0.4586557573,285.5903904,1607.168453,290.1331985,0.0,0.529,-6.1
0.3720578253,-0.4414912462,0.805015564,13.51450429,0.2073382165,0.1284397566,0.4586557573,285.5903904,1607.168453,290.1331985,0.0,0.529,-6.1
0.3731577992,-0.438615948,0.7935284972,13.51747491,0.2089133514,0.1510069392,0.4628757246,285.5657187,1606.02479,290.0815699,0.0,0.539,-6.14
0.3959199488,-0.5156825185,0.8101580739,13.53159308,0.1116135268,0.1244224134,0.4751468714,285.6896618,1609.326556,290.2305471,0.0,0.513,-6.01
0.3911970854,-0.4802598953,0.8010481,13.51043232,0.1660860808,0.1304350459,0.5339587588,285.5093447,1615.098799,290.4904435,0.0,0.584,-6.24
0.3920526206,-0.484885931,0.8031101227,13.51440686,0.1538890442,0.1270652344,0.5281155234,285.5143309,1612.519522,290.3743973,0.0,0.574,-6.23
0.3843157589,-0.4663995802,0.8135284781,13.50866697,0.1921992559,0.1201296406,0.5223518214,285.5364074,1615.235737,290.4966007,0.0,0.579,-6.22
0.3888802826,-0.4747329056,0.8051951528,13.51509106,0.1726693537,0.1143384439,0.52931868,285.5242484,1611.832823,290.343478,0.0,0.578,-6.24
0.3903104365,-0.4780662358,0.8043395877,13.51509106,0.1726693537,0.1143384439,0.52931868,285.5242484,1611.832823,290.343478,0.0,0.578,-6.24
0.3904027939,-0.4769626856,0.8010062575,13.51509106,0.1726693537,0.1143384439,0.52931868,285.5242484,1611.832823,290.343478,0.0,0.578,-6.24
0.3955623209,-0.5060369968,0.8046584725,13.52489299,0.1276635673,0.1262935317,0.4962253262,285.592452,1608.408501,290.1891471,0.0,0.537,-6.12
0.3945214152,-0.4974134564,0.802502811,13.51979679,0.1413322916,0.1250888582,0.5160665136,285.5348399,1609.089806,290.2198724,0.0,0.559,-6.2
0.3908583224,-0.4817180932,0.8076729178,13.51884147,0.1584201797,0.1081936167,0.5309567363,285.5225908,1610.040598,290.2627348,0.0,0.574,-6.24
0.3959373534,-0.5657773614,0.7937732339,13.54413595,0.01291838549,0.02756419179,0.2858351443,286.7767015,1596.712758,289.6601658,-14.24858817,0.297,-4.98
0.3959373534,-0.5660749674,0.8086751699,13.54789942,0.06233782535,0.01458362821,0.2978985814,286.8064687,1595.353987,289.5985223,-15.27832769,0.314,-5.05
0.3959373832,-0.5582883954,0.8006131053,13.54640325,0.04691565009,0.05234868003,0.3355111196,286.510826,1597.097062,289.6775934,0.0,0.352,-5.28
0.3959373832,-0.5553033948,0.7868669629,13.53859582,0.03677145013,0.08074949974,0.3591150029,286.3726954,1598.057997,289.7211566,0.0,0.38,-5.42
0.3959373534,-0.5444121361,0.7992269993,13.54093586,0.06396352555,0.09992988103,0.3871754681,286.1895062,1600.678517,289.8398559,0.0,0.415,-5.59
0.3959373534,-0.5360696316,0.7811424732,13.52730398,0.08878968304,0.1219534291,0.4198253252,286.0439203,1601.004105,289.8545936,0.0,0.456,-5.77
0.3959373534,-0.5315240026,0.7996732593,13.53552774,0.08780640708,0.122824638,0.430798743,285.929266,1605.180606,290.0434431,0.0,0.466,-5.81
0.3959373832,-0.5366207957,0.7883182168,13.53332396,0.08111211318,0.1198093044,0.4187886773,286.0268474,1601.992426,289.899316,0.0,0.453,-5.76
0.3959373534,-0.5234274268,0.7944571972,13.52980507,0.1072810403,0.1309643413,0.4464430453,285.8263932,1605.120439,290.0407251,0.0,0.487,-5.91
0.395917803,-0.5152292848,0.7992940545,13.52889551,0.1142242321,0.1250192144,0.4790659044,285.6722876,1607.821329,290.162659,0.0,0.518,-6.04
0.3911801279,-0.471024394,0.7868112922,13.50617461,0.1532821008,0.1393584715,0.5350620692,285.4969726,1611.588252,290.3324636,0.0,0.583,-6.26
0.3815709352,-0.4503625929,0.7916315198,13.50962733,0.1944658802,0.150432822,0.5153717503,285.5214974,1608.268124,290.1828151,0.0,0.581,-6.27
0.3910550177,-0.4712467492,0.7888183594,13.50716866,0.164973432,0.1381143872,0.5343562844,285.5024924,1612.385909,290.368382,0.0,0.586,-6.26
0.3825495541,-0.4581221044,0.8035284877,13.50946591,0.1972222431,0.1344519061,0.5196831809,285.5290388,1610.901719,290.3015384,0.0,0.581,-6.25
0.3919405937,-0.4780599475,0.7929811478,13.51006028,0.1557567783,0.1313535867,0.5339474313,285.5037229,1612.227484,290.3612492,0.0,0.581,-6.25
0.3853751123,-0.4580662549,0.7918618321,13.51149356,0.1847514785,0.13702504,0.5212900121,285.5201575,1608.861344,290.2095704,0.0,0.579,-6.26
0.3831526935,-0.4548249245,0.7951951623,13.51149356,0.1847514785,0.13702504,0.5212900121,285.5201575,1608.861344,290.2095704,0.0,0.579,-6.26
0.3815709352,-0.4514915943,0.7949648499,13.51149356,0.1847514785,0.13702504,0.5212900121,285.5201575,1608.861344,290.2095704,0.0,0.579,-6.26
0.3914932013,-0.4701049626,0.7735898495,13.50445556,0.1377374132,0.13828977,0.5391733437,285.4915749,1610.901033,290.3015075,0.0,0.583,-6.27
0.3823093474,-0.4491286278,0.7735284567,13.50825766,0.1567585018,0.1535184411,0.5190398251,285.5060048,1608.069167,290.1738402,0.0,0.573,-6.25
0.3820911944,-0.4494930804,0.7835285068,13.509991,0.1768541371,0.1521650634,0.5166742149,285.5131658,1608.076585,290.1741748,0.0,0.577,-6.26
0.3739332557,-0.437638551,0.7835285068,13.51952362,0.195114013,0.155831925,0.4803750513,285.5449883,1605.760003,290.0696127,0.0,0.551,-6.19
0.3823173642,-0.4491152167,0.7635284662,13.50495445,0.1366432826,0.1540156038,0.5239439356,285.4998119,1607.308279,290.1395088,0.0,0.573,-6.26
0.3741711378,-0.437338829,0.7735284567,13.51812801,0.1726538178,0.1596312246,0.4908170437,285.5328423,1605.930008,290.07729,0.0,0.554,-6.2
0.3648415208,-0.4276583195,0.7835285068,13.5311059,0.191035046,0.1580366454,0.3899473528,285.6137053,1606.270992,290.0926866,0.0,0.472,-5.92
0.08096709847,-0.5654643178,0.9117061496,13.66569455,-0.1156572367,0.01898563594,-0.04761121698,287.3166531,1575.813966,288.7076637,-5.138218778,0.136,-4.06
0.07872360945,-0.5661718845,0.8928998113,13.67324612,-0.006992336823,0.01741432427,-0.03836496147,287.4848303,1579.324514,288.868323,-4.838659216,0.052,-3.98
0.07937031239,-0.5523809791,0.8963435292,13.66999612,-0.07590783309,0.03609635198,-0.04367741864,287.2310706,1578.048235,288.8099454,0.0,0.104,-4.05
0.1282899976,-0.4185991585,0.8056739569,13.58183488,0.06780555516,0.2357391657,0.3322644908,285.8542032,1586.451805,289.1936794,0.0,0.423,-5.8
0.1032179818,-0.4356332719,0.7863739729,13.57418281,0.03488162885,0.2391487497,0.3729160348,285.693963,1582.212404,289.0002858,0.0,0.454,-5.97
0.1627624333,-0.4033828378,0.7990871072,13.56459365,-0.03595388735,0.2158476509,-0.2603538203,286.3217134,1591.429446,289.4202561,0.0,0.35,-5.36
0.1723187715,-0.4028562903,0.8010969162,13.57849064,-0.09174424437,0.2187957625,-0.2457280797,286.4773223,1591.578201,289.427019,0.0,0.351,-5.32
0.07857121527,-0.5266304612,0.8726407886,13.66358839,-0.02952029976,0.07451219565,-0.04283768109,287.2571971,1579.74593,288.8875909,0.0,0.1,-4.03
0.07834657282,-0.5168371797,0.8560507298,13.6592763,0.01299334612,0.1195086076,-0.0185274882,287.345527,1579.039374,288.8552836,-6.126689355,0.131,-4.01
0.07906683534,-0.5075318217,0.8409019113,13.65371555,0.027280622,0.1551714378,0.1167901483,286.285371,1578.421473,288.8270212,0.0,0.206,-4.74
0.07832118869,-0.5457718968,0.8766843081,13.66858701,0.008369726273,0.05130815192,-0.07071174788,287.48483,1580.108125,288.9041481,-5.159116972,0.097,-3.97
0.07828533649,-0.5295054317,0.8485177159,13.66293024,0.03784753293,0.08748612533,0.02841458892,286.8768236,1579.126516,288.8592688,0.0,0.109,-4.12
0.1351094097,-0.423377037,0.8335284591,13.61630649,0.07070359856,0.2138460564,0.1519796869,285.9093412,1589.554418,289.3349694,0.0,0.281,-5.17
0.1401094198,-0.4210231304,0.8335284591,13.6044527,0.06685877285,0.2358200792,0.1733434784,285.9020505,1589.851322,289.3484792,0.0,0.31,-5.31
0.145950675,-0.4189377427,0.8335284591,13.60151434,0.07547846673,0.2586335789,0.03953043941,285.9808093,1591.639747,289.429817,0.0,0.282,-5.14
0.1383422315,-0.4200718701,0.8235284686,13.59751258,0.08231130003,0.2072148914,0.1947460301,285.9607553,1590.409415,289.3738687,0.0,0.306,-5.27
0.1208221316,-0.426612705,0.8102448583,13.59031936,0.08912120905,0.2090988787,0.2960493506,285.8719858,1583.929331,289.0786556,0.0,0.383,-5.66
0.09414114803,-0.4484196305,0.7895746827,13.58285444,0.04377604314,0.2116499652,0.3674951982,285.7244466,1581.59717,288.9721877,0.0,0.436,-5.91
0.09121679515,-0.4549443722,0.7957561016,13.59481754,0.02599645882,0.2239844311,0.3176058091,285.7805473,1578.576632,288.8341188,0.0,0.399,-5.78
0.1333422363,-0.4225665927,0.8235284686,13.60614172,0.09252679762,0.1978707941,0.1751748298,285.9505111,1589.740622,289.3434423,0.0,0.29,-5.2
0.08649940044,-0.4660979807,0.7929443121,13.60062022,0.03329921469,0.1961321836,0.3293497218,285.7639103,1580.011087,288.8997125,0.0,0.394,-5.75
0.1266928613,-0.4152882993,0.7871361375,13.55863259,0.05659618544,0.2398161878,0.388831327,285.8780673,1588.15648,289.2713342,0.0,0.47,-5.94
0.1017091051,-0.435856849,0.7651572824,13.55670544,0.009023548275,0.2431177812,0.4215001568,285.6710827,1584.458604,289.1028016,0.0,0.496,-6.1
0.08503782004,-0.4765831232,0.8099575043,13.6207489,0.03234935011,0.1956812757,0.2547335799,285.9074232,1577.828352,288.7998843,0.0,0.332,-5.48
0.08005075902,-0.4974015057,0.8173264861,13.6378254,0.02856655939,0.1731693915,0.19652653,286.0111612,1577.734046,288.7955688,0.0,0.273,-5.18
0.2050618529,-0.4062184393,0.8124386668,13.59773793,0.03263490835,0.1955664186,-0.2020320535,286.5807454,1604.58022,290.0163181,0.0,0.293,-4.96
0.312836498,-0.4015415609,0.7874110937,13.51145641,0.2974523533,0.03606255976,-0.06331634475,286.7545966,1579.011728,288.8540193,0.0,0.316,-5.18
0.3038574159,-0.4005950093,0.7890406847,13.49801269,0.3289398131,0.02661553442,-0.06450514336,286.7269343,1577.411944,288.780828,0.0,0.346,-5.32
0.1539622843,-0.4053911865,0.7995041013,13.56735033,0.04973084726,0.1778948914,-0.1303782326,286.1747305,1591.860697,289.4398611,0.0,0.236,-4.86
0.1707209647,-0.4037627876,0.8039435744,13.58407973,-0.02430479756,0.2154465136,-0.2611556488,286.473035,1590.949844,289.3984482,0.0,0.349,-5.32
0.1873534173,-0.4044452012,0.8073503971,13.59190854,-0.044804334,0.2060690032,-0.2179244404,286.5446111,1596.014195,289.6284789,0.0,0.313,-5.11
0.2079117745,-0.4031888545,0.8034480214,13.59939765,0.004643416531,0.1679468295,-0.1696031928,286.53149,1604.076624,289.99356,0.0,0.248,-4.75
0.3266475201,-0.4042812884,0.7751597762,13.53501398,0.05113631699,0.1023715969,-0.08123025611,286.801407,1584.137764,289.0881653,0.0,0.15,-4.22
0.3193652332,-0.402187407,0.7640362978,13.51432212,-0.06643781623,0.1433856486,-0.1326661698,286.6846893,1588.957169,289.3077873,0.0,0.216,-4.64
0.3109526038,-0.4004936516,0.7744113207,13.50182078,0.1323654287,0.1240472998,-0.1342938985,287.1750541,1586.021884,289.1740849,0.0,0.235,-4.65
0.3155918419,-0.4014472067,0.778268218,13.5255762,0.1383653663,0.08669041605,-0.08856813568,287.0869051,1582.913798,289.0323089,0.0,0.195,-4.46
0.3412607014,-0.4112294018,0.7894067764,13.53156603,0.169472772,0.06194037783,0.0960285561,286.5696563,1599.720826,289.7964931,0.0,0.214,-4.58
0.2950800061,-0.4007308185,0.7923285365,13.50326647,0.3460946945,0.009164358088,-0.04443274228,286.7221683,1581.936561,288.9876889,0.0,0.359,-5.34
0.3350960016,-0.4074803293,0.7733390927,13.54848844,0.0103380393,0.1091135507,-0.0003475822213,286.3033291,1592.563886,289.4718201,0.0,0.119,-4.17
0.3417907357,-0.410938412,0.7835284472,13.54289099,0.1036180071,0.09225393131,0.0777520104,286.2882899,1600.522383,289.8327877,0.0,0.169,-4.35
0.3280646801,-0.4046937525,0.767719388,13.53717726,-0.03728063268,0.1212473494,-0.05814395928,286.4637956,1588.467917,289.2855147,0.0,0.149,-4.25
0.2259042263,-0.4035039544,0.8045344949,13.5925657,0.1184675813,0.1545025211,-0.1669643807,286.5896389,1611.713835,290.3381194,0.0,0.266,-4.78
0.2454789877,-0.4018216729,0.7981669903,13.57616114,0.1960146899,0.08814717839,-0.1353176384,286.587294,1617.300811,290.5894059,0.0,0.264,-4.74
0.2630744576,-0.4016436338,0.7973771095,13.54642143,0.2921573863,0.04040929188,-0.09864869752,286.6560426,1615.960728,290.5291922,0.0,0.321,-5.0
0.280128926,-0.4012306333,0.7953625917,13.51692958,0.3380661746,0.01848773682,-0.07926857361,286.6301089,1602.243294,289.9106647,0.0,0.357,-5.24
0.2612057626,-0.400351882,0.7904286981,13.55423537,0.2445835007,0.03768759003,-0.08995154976,286.5896884,1619.963692,290.7089458,0.0,0.273,-4.77
0.346790731,-0.413867116,0.7835285068,13.543862,0.09244883729,0.101160108,0.1063287199,286.1440234,1602.27734,289.9122047,0.0,0.183,-4.47
0.1468274593,-0.4107239842,0.8098009825,13.5800386,0.0598401472,0.2116202365,0.01653224535,286.0637875,1592.978822,289.4906734,0.0,0.23,-4.84
0.1468377262,-0.4162220955,0.822642684,13.59635424,0.08576737811,0.2088959618,0.07240269552,286.0099354,1592.732757,289.4794935,0.0,0.247,-4.95
0.1450276971,-0.4130532742,0.8136135936,13.58647343,0.09222964784,0.178516861,0.08191137536,286.0663052,1592.566201,289.4719253,0.0,0.227,-4.83
0.1465635449,-0.408882767,0.8039104342,13.57181879,0.06679419893,0.1752433833,0.02653313448,286.1096439,1592.060351,289.4489362,0.0,0.199,-4.65
0.148318544,-0.4057713449,0.7942480445,13.56330357,0.0510843445,0.1644889911,-0.01350302903,286.1392976,1591.851161,289.4394276,0.0,0.182,-4.53
0.1420146525,-0.4115887284,0.807369709,13.57105937,0.09737055287,0.1516393836,0.08888708527,286.127582,1591.331219,289.41579,0.0,0.211,-4.72
0.3544107676,-0.4188671112,0.7835284472,13.53970013,0.1388098828,0.1409713367,0.2281285248,285.8160158,1606.718685,290.1128978,0.0,0.312,-5.23
0.3800443709,-0.4531221092,0.8035284877,13.51644268,0.199728856,0.1136861344,0.4795782112,285.5735081,1608.321447,290.1852204,0.0,0.541,-6.13
0.3698414862,-0.4326385558,0.7835285068,13.53137818,0.1872118555,0.1400114596,0.4179398062,285.6014659,1605.81684,290.0721794,0.0,0.488,-5.98
0.3594107628,-0.4226582944,0.7835285068,13.54054879,0.1423150755,0.1328841983,0.2697950415,285.7590998,1606.446001,290.1005879,0.0,0.342,-5.38
0.3771784604,-0.4447329342,0.7951951623,13.51877571,0.2015543851,0.134414882,0.4802198444,285.5574335,1605.994411,290.0801981,0.0,0.547,-6.17
0.3794045746,-0.4480662346,0.7949648499,13.51877571,0.2015543851,0.134414882,0.4802198444,285.5574335,1605.994411,290.0801981,0.0,0.547,-6.17
0.3794529438,-0.447029233,0.7916315198,13.51877571,0.2015543851,0.134414882,0.4802198444,285.5574335,1605.994411,290.0801981,0.0,0.547,-6.17
0.393699348,-0.4874099791,0.7924956083,13.51416501,0.1461438909,0.1256851373,0.5288439506,285.5111164,1609.717914,290.2481901,0.0,0.572,-6.24
0.3860660195,-0.4663995802,0.8035284877,13.5120815,0.1858646176,0.1229446537,0.5253666232,285.5264375,1612.055671,290.353513,0.0,0.58,-6.24
0.3904027641,-0.4736293554,0.7955799103,13.51594795,0.161525968,0.1175600619,0.5294648216,285.5177932,1609.166154,290.223315,0.0,0.576,-6.25
0.395576328,-0.5059987307,0.7944696546,13.52274607,0.1275585697,0.125541254,0.4992495849,285.5837105,1606.675062,290.1109287,0.0,0.54,-6.14
0.3948554099,-0.4974978864,0.7925080657,13.51829713,0.1373056913,0.1243603307,0.517425341,285.532019,1607.209275,290.1350408,0.0,0.559,-6.21
0.3959373534,-0.563380599,0.7866146564,13.54041046,0.04840052405,0.02224118126,0.3276739221,286.6895337,1596.950845,289.670963,-15.74108337,0.342,-5.19
0.3959373832,-0.5652029514,0.7754292488,13.53463656,-0.0005140639945,0.0263735005,0.3291406065,286.6937717,1596.04948,289.6300797,-15.31352855,0.34,-5.19
0.3959373534,-0.5613039732,0.7899165154,13.54065253,0.05869451343,0.07245682318,0.3841887608,286.2948249,1598.181125,289.726737,0.0,0.405,-5.53
0.3959373832,-0.5571317077,0.7655553222,13.53001418,0.0318137022,0.0736030473,0.396166583,286.3423852,1595.739043,289.6159952,0.0,0.414,-5.57
0.3959373534,-0.5578488111,0.7776159048,13.53695167,0.04744139491,0.05214107734,0.3793530656,286.4001451,1596.350828,289.6437499,0.0,0.395,-5.48
0.3959373534,-0.5456604362,0.7771704793,13.53350199,0.06263441107,0.1004624031,0.4140670774,286.1492147,1598.386711,289.736054,0.0,0.44,-5.7
0.3959373534,-0.5422282815,0.7625310421,13.52067004,0.07915408109,0.1083034287,0.4455418454,286.0770369,1597.285844,289.6861532,0.0,0.475,-5.84
0.3959373534,-0.5252075195,0.7731438279,13.5207779,0.1152045673,0.1235004457,0.4622721093,285.833347,1602.343472,289.9151962,0.0,0.502,-5.97
0.3959373832,-0.5340338945,0.7729772925,13.52681773,0.08905093287,0.1194497937,0.4472324426,285.9483537,1600.929634,289.8512228,0.0,0.481,-5.88
0.3959373832,-0.5253111124,0.7819443941,13.52668269,0.1068874857,0.1265965171,0.4598402138,285.8046491,1604.044836,289.9921233,0.0,0.498,-5.96
0.3959238827,-0.5151651502,0.7886516452,13.5259283,0.1156986498,0.12354016,0.4876876089,285.646356,1606.291831,290.0936275,0.0,0.526,-6.08
0.3959367871,-0.5157850385,0.7827225924,13.52247029,0.1248093618,0.1295446636,0.4733056428,285.7002124,1604.373838,290.0069921,0.0,0.516,-6.04
0.3922818303,-0.4742563963,0.7829561234,13.50901899,0.1454151794,0.1314733651,0.5359196149,285.4996551,1610.913323,290.3020612,0.0,0.58,-6.26
0.3900903463,-0.4670050442,0.7827093005,13.51316341,0.1578854606,0.1288115155,0.5277879469,285.5119556,1608.969855,290.2144636,0.0,0.575,-6.25
0.3856262565,-0.4563995898,0.7835285068,13.51149141,0.1681488124,0.1395387598,0.5225557751,285.512603,1608.705028,290.202521,0.0,0.576,-6.25
0.3940645754,-0.480587393,0.7745876908,13.50696903,0.1336654187,0.1309606445,0.5407185366,285.4959286,1610.552071,290.2857845,0.0,0.582,-6.27
0.387540251,-0.4647329152,0.7951951623,13.51344091,0.1736426862,0.126061926,0.5260466421,285.5190117,1609.541092,290.2402191,0.0,0.578,-6.25
0.3892918825,-0.4680662453,0.7922465801,13.51344091,0.1736426862,0.126061926,0.5260466421,285.5190117,1609.541092,290.2402191,0.0,0.578,-6.25
0.3898397684,-0.467861563,0.78891325,13.51344091,0.1736426862,0.126061926,0.5260466421,285.5190117,1609.541092,290.2402191,0.0,0.578,-6.25
0.3944007158,-0.485142231,0.7839664817,13.51218769,0.1382743587,0.1253366401,0.5324702436,285.5069496,1608.64589,290.1998539,0.0,0.574,-6.25
0.3809022903,-0.4514915943,0.7982981801,13.51984624,0.1915042777,0.120486104,0.4950167188,285.5515195,1606.819232,290.1174365,0.0,0.554,-6.19
0.3928630054,-0.4752248824,0.7660105824,13.50419111,0.1232252788,0.1301909683,0.5465752332,285.4919743,1608.116208,290.1759623,0.0,0.585,-6.29
0.3916486502,-0.4704583883,0.7605691552,13.50115202,0.124761449,0.1381156464,0.5453723526,285.4858434,1608.682592,290.2015092,0.0,0.586,-6.29
0.3902976811,-0.4665718079,0.7648678422,13.50836892,0.1274200307,0.1322433021,0.5372812303,285.5002098,1606.905691,290.121339,0.0,0.577,-6.27
0.3927605748,-0.4745029509,0.773815155,13.51248838,0.1348224801,0.1235156748,0.5356347055,285.5055441,1607.361914,290.1419292,0.0,0.576,-6.26
0.3894351423,-0.4641374052,0.7735304832,13.51155262,0.1431160232,0.1309535473,0.5306716917,285.5068113,1608.297304,290.1841314,0.0,0.575,-6.25
0.3860535026,-0.4563995898,0.7735284567,13.50973251,0.1500227136,0.1414684288,0.5254416394,285.5059108,1608.481295,290.1924304,0.0,0.574,-6.25
0.3915541768,-0.4702085555,0.7525249124,13.49771505,0.110949923,0.1360953877,0.5533823746,285.4814237,1606.200995,290.0895262,0.0,0.59,-6.32
0.3860692382,-0.4563995898,0.7635284662,13.50662329,0.1320626939,0.1424492618,0.5308304245,285.4998736,1607.347427,290.1412755,0.0,0.575,-6.26
0.3933953941,-0.4776272178,0.7545155883,13.50100538,0.1103722997,0.1279986843,0.5552671643,285.4882539,1605.736367,290.0685453,0.0,0.59,-6.32
0.379171133,-0.4441286325,0.7735284567,13.51826981,0.1644050451,0.1447109292,0.5013688117,285.5307064,1606.481981,290.1022123,0.0,0.557,-6.21
0.3789332509,-0.4444930553,0.7835284472,13.52007866,0.1860079481,0.1399931417,0.4930111046,285.5415276,1606.17019,290.0881353,0.0,0.555,-6.2
0.3823173642,-0.4491152167,0.7535284758,13.5008843,0.1175021174,0.1532638333,0.5310156515,285.4942552,1606.158582,290.0876111,0.0,0.575,-6.27
0.3741798699,-0.4373278022,0.7635284662,13.51380665,0.1476601657,0.1623077184,0.4996375518,285.5240554,1606.278467,290.0930241,0.0,0.555,-6.2
0.3651098609,-0.4274002016,0.7735284567,13.53057705,0.1794106386,0.1685049346,0.4308842161,285.5779602,1606.389228,290.0980248,0.0,0.506,-6.04
0.3860692382,-0.4563995898,0.7535284758,13.50289279,0.1148926396,0.1422135351,0.5380428025,285.4944673,1605.712103,290.0674495,0.0,0.578,-6.28
0.3860692382,-0.4563995898,0.7435284853,13.49916403,0.09845214277,0.1406494243,0.5458572681,285.4895208,1604.513522,290.0133042,0.0,0.582,-6.3
0.3915548325,-0.4702101648,0.742523551,13.49401087,0.09680201801,0.1338104018,0.5627527915,285.4762532,1604.946527,290.0328685,0.0,0.596,-6.34
0.3791798651,-0.4441152215,0.7635284662,13.51414279,0.1418874547,0.1480648439,0.5094035693,285.5226804,1606.461629,290.1012935,0.0,0.559,-6.21
0.3823173642,-0.4491152167,0.7435284853,13.49671475,0.09933270074,0.1509779517,0.5390801686,285.4891638,1605.46436,290.0562603,0.0,0.578,-6.28
0.3914482594,-0.4698930681,0.7335340977,13.49072113,0.08135398897,0.1308432845,0.5701503874,285.4721059,1605.022126,290.0362838,0.0,0.6,-6.35
0.3915567696,-0.4702197015,0.7245222926,13.48950469,0.06407553275,0.1266909427,0.5770227171,285.4684447,1605.246414,290.0464158,0.0,0.604,-6.37
0.3929755092,-0.4757204354,0.7328449488,13.49345819,0.0820270687,0.1235061066,0.5746608565,285.4780864,1604.057246,289.9926842,0.0,0.603,-6.37
0.3931331336,-0.476372987,0.7435215116,13.49635014,0.09741228339,0.1264044898,0.5656471685,285.4823026,1604.347708,290.0058112,0.0,0.597,-6.35
0.3701098859,-0.4323388338,0.7735284567,13.52975604,0.1721468787,0.1497804015,0.4508907519,285.5739925,1606.457934,290.1011267,0.0,0.515,-6.07
0.3741798699,-0.4373278022,0.7535284758,13.50797658,0.1241527943,0.1633936572,0.5090940589,285.5176114,1606.708134,290.1124216,0.0,0.558,-6.21
0.3651197255,-0.4273906946,0.7635284662,13.52506438,0.1561231313,0.1758885319,0.4585716225,285.5596892,1607.733272,290.1586861,0.0,0.525,-6.09
0.07828561217,-0.5616660714,0.8757450581,13.66574316,-0.03685456634,0.01738279388,-0.06980200724,287.4132088,1578.370358,288.8246828,-4.845967965,0.09,-4.0
0.07828532904,-0.5650501847,0.8602682352,13.66752092,0.008366688341,0.01192469259,-0.07386657036,287.9290861,1583.190965,289.0449604,-4.140067163,0.085,-3.85
0.07828533649,-0.5502350926,0.8591786623,13.66515859,0.03469205687,0.02423618499,-0.06756543641,287.5287137,1579.04348,288.8554714,0.0,0.089,-3.97
0.1359519064,-0.4134047031,0.804002285,13.57448866,0.09334424621,0.1831042178,0.22726357,286.0630701,1589.379492,289.3270089,0.0,0.316,-5.3
0.1376173347,-0.4155605137,0.8118618131,13.58619379,0.09030101821,0.1920616983,0.2110508219,286.0087036,1590.20077,289.3643776,0.0,0.309,-5.27
0.1347002685,-0.4185617268,0.8151951432,13.58619379,0.09030101821,0.1920616983,0.2110508219,286.0087036,1590.20077,289.3643776,0.0,0.309,-5.27
0.1313669235,-0.4200810492,0.8147224784,13.58619379,0.09030101821,0.1920616983,0.2110508219,286.0087036,1590.20077,289.3643776,0.0,0.309,-5.27
0.1388437003,-0.4110734165,0.8013825417,13.57212099,0.07455188835,0.1859425182,0.2097927188,286.0506265,1590.606943,289.3828533,0.0,0.3,-5.22
0.1145639569,-0.4244142175,0.788528502,13.56164061,0.07374336178,0.2102490207,0.3630922471,285.9291235,1585.964634,289.1714753,0.0,0.436,-5.82
0.094080396,-0.4458630681,0.7710195184,13.56557751,0.01176466299,0.2112847659,0.4138989964,285.7106182,1583.38892,289.0539952,0.0,0.474,-6.03
0.1249793917,-0.415305227,0.7685284615,13.52631361,0.03025602524,0.258009136,0.4561629317,285.8733608,1591.041781,289.4026291,0.0,0.535,-6.12
0.1016157493,-0.4359726012,0.7451331615,13.54884408,-0.02427618532,0.2471128008,0.4473699665,285.6355598,1585.279997,289.1402625,0.0,0.521,-6.19
0.1576923728,-0.402702719,0.7902774811,13.56085101,-0.0355406511,0.1988443766,-0.2628169803,286.2570573,1592.4333,289.4658859,0.0,0.341,-5.33
0.166316703,-0.4016181529,0.7929989696,13.56213556,-0.07934968761,0.2025559631,-0.285584039,286.400897,1590.692394,289.3867398,0.0,0.369,-5.42
0.1525412947,-0.4035397768,0.7869442105,13.55135329,0.007013166084,0.1769321017,-0.1967543272,286.2135371,1593.420784,289.5107507,0.0,0.274,-5.03
0.1751985401,-0.4017769992,0.7969775796,13.57745199,-0.1147537371,0.2028060695,-0.2451747903,286.5036709,1591.786841,289.4365038,0.0,0.348,-5.3
0.157558322,-0.4016446173,0.775180161,13.52898984,-0.0398552759,0.2126694462,-0.3612570562,286.3071316,1596.612797,289.6556322,0.0,0.431,-5.63
0.07949128747,-0.4982471466,0.8048960567,13.62671325,0.009283751923,0.176697977,0.1906318988,286.2172643,1578.257871,288.8195367,-11.81096491,0.27,-5.11
0.07833272964,-0.5150027871,0.8242178559,13.64982054,0.01306223054,0.1366487626,0.1143204104,286.3942932,1577.156868,288.7691529,-9.350630909,0.188,-4.61
0.07828533649,-0.5463715196,0.8412092328,13.66389422,0.02063993244,0.05945918122,0.01070661178,287.1833278,1578.852626,288.8467428,-6.144383259,0.073,-4.05
0.07828533649,-0.5307058692,0.825166285,13.65446487,0.02887363274,0.09606820854,0.1498234006,286.2057065,1577.615531,288.7901453,0.0,0.19,-4.67
0.07828533649,-0.5530689359,0.8281428218,13.65924049,0.04532796201,0.04343438434,0.1017149673,286.4079411,1577.582656,288.7886408,0.0,0.129,-4.24
0.1313669235,-0.4216372967,0.8180558085,13.59250761,0.1029401733,0.1852553987,0.1952385818,286.002136,1589.179283,289.3178971,0.0,0.298,-5.23
0.08691845089,-0.45989573,0.7704625726,13.58457247,0.01428262489,0.2017841882,0.3632171324,285.7290812,1580.989035,288.9444057,0.0,0.425,-5.87
0.09189210087,-0.4495894015,0.7586503029,13.56756483,-0.002342520827,0.2232594833,0.391014474,285.6638366,1581.779008,288.9804932,0.0,0.46,-6.01
0.07990811765,-0.4911471605,0.7935186028,13.61250372,0.02780498223,0.1687334083,0.2969844969,285.857755,1579.303052,288.8673416,0.0,0.352,-5.57
0.08036880195,-0.4818350375,0.7696792483,13.59310975,0.01252624273,0.1716634428,0.3470026941,285.7884197,1579.447765,288.8739587,0.0,0.397,-5.76
0.09579280019,-0.442915529,0.7391335964,13.56119014,-0.01476981586,0.2243310221,0.403308081,285.6077363,1583.214372,289.0460288,0.0,0.471,-6.05
0.1333537102,-0.4120900035,0.7945151329,13.5596858,0.09059084972,0.1818355967,0.2459935332,286.1167088,1589.295478,289.3231854,0.0,0.329,-5.34
0.1364394575,-0.4090133011,0.7823577523,13.54521308,0.07535415321,0.1893803372,0.2153705054,286.1415299,1592.01139,289.4467108,0.0,0.306,-5.21
0.1367668808,-0.4099822044,0.7921603322,13.56050409,0.07422840531,0.1854421411,0.2214299675,286.0870715,1590.628914,289.3838526,0.0,0.308,-5.25
0.1316459477,-0.4115862548,0.7864530087,13.54458755,0.08780877838,0.1881371185,0.2529103372,286.1769,1590.965969,289.3991816,0.0,0.337,-5.35
0.1134865656,-0.423514396,0.7685284615,13.53191015,0.03075581039,0.220916173,0.4366120622,285.947189,1588.602311,289.2916334,0.0,0.5,-6.01
0.09413086623,-0.4456988275,0.748265326,13.55854605,-0.03391868151,0.213185913,0.4396262816,285.680232,1582.853141,289.02954,0.0,0.499,-6.12
0.07863234729,-0.51099509,0.806316793,13.63393794,0.03150396237,0.135730459,0.2439121451,285.9558954,1578.563551,288.8335205,0.0,0.291,-5.28
0.07828532904,-0.5619109273,0.8439887166,13.66367556,0.04937406768,0.02937476816,-0.01943630421,287.4799726,1579.122454,288.859083,-5.147999449,0.07,-3.98
0.3094680309,-0.4005766511,0.7827615142,13.50865267,0.2700229798,0.05874386145,-0.08323448502,286.8738573,1579.782814,288.8892772,0.0,0.298,-5.06
0.3001630902,-0.400026232,0.7863274813,13.49610164,0.3118220003,0.04803131594,-0.07010124128,286.8126945,1578.306534,288.821763,0.0,0.333,-5.24
0.2918994129,-0.4000241458,0.7878211737,13.49814413,0.3413263504,0.02905091569,-0.06879255758,286.6820707,1591.367241,289.4174278,0.0,0.359,-5.3
0.1423497647,-0.4083430767,0.796036005,13.56083938,0.08396901186,0.1512126684,0.09248070479,286.1569184,1591.041509,289.4026167,0.0,0.206,-4.69
0.1903972477,-0.402500689,0.8008886576,13.5982512,-0.046176374,0.1918178816,-0.1981284893,286.5735278,1596.396722,289.6458316,0.0,0.289,-5.0
0.209921062,-0.4016121626,0.797224164,13.60645306,0.009148914925,0.1483069318,-0.1435694327,286.5694504,1605.680954,290.0660427,0.0,0.216,-4.56
0.3139122128,-0.4009737968,0.7449602485,13.47813633,-0.1127043217,0.2017695165,-0.185133202,286.451984,1603.001567,289.9449592,0.0,0.306,-5.06
0.3230564296,-0.4032128751,0.750138402,13.50509894,-0.1132250125,0.1901363849,-0.08685408989,286.2184478,1596.786927,289.6635294,0.0,0.247,-4.87
0.3134683967,-0.4008844793,0.7629406452,13.50435482,-0.06210031266,0.1498830311,-0.1526329624,286.9171313,1591.082885,289.4044982,0.0,0.232,-4.66
0.3270085454,-0.4043238163,0.7594262958,13.52622833,-0.07920383089,0.15581518,-0.07246059518,286.2713415,1590.58582,289.3818926,0.0,0.199,-4.62
0.3342967927,-0.407127142,0.7626397014,13.54363812,-0.02946775644,0.1568138869,0.04197909619,285.9892634,1596.051851,289.6301873,0.0,0.175,-4.49
0.3293952346,-0.4051009715,0.7563038468,13.52775412,-0.07404423166,0.1562347096,-0.02541541684,286.1762145,1593.8139,289.5286055,0.0,0.184,-4.52
0.3083562851,-0.4001236558,0.7725576758,13.49029679,0.09435236483,0.152060542,-0.1374256258,287.4856477,1588.434021,289.2839715,0.0,0.235,-4.56
0.3130534887,-0.4008815885,0.7760459781,13.51645314,0.0949341178,0.1119436399,-0.1086311202,287.2507655,1584.864416,289.1213111,0.0,0.192,-4.4
0.2932435572,-0.4002465308,0.7895644903,13.50778463,0.3234251216,0.02048721662,-0.04029811795,286.7870988,1589.395926,289.3277568,0.0,0.336,-5.19
0.3421800435,-0.4107246101,0.7735285163,13.54862686,0.06986133835,0.1426581098,0.1093915804,285.9345591,1601.439162,289.8742829,0.0,0.202,-4.65
0.3471800387,-0.41363585,0.7735284567,13.54806058,0.07625238319,0.1422908255,0.161289364,285.8627039,1603.560759,289.970242,0.0,0.238,-4.87
0.2268019766,-0.4018201232,0.7981692553,13.59871413,0.1260790887,0.1191297604,-0.1362546012,286.6246989,1612.209868,290.360456,0.0,0.23,-4.58
0.2472337037,-0.4006851315,0.7924466133,13.58153485,0.1831191016,0.05696393521,-0.1046094385,286.6166871,1618.449117,290.6409729,0.0,0.228,-4.53
0.2619061768,-0.400727421,0.7927272916,13.55381206,0.2680626535,0.01107223607,-0.07270806746,286.6823616,1620.345803,290.7260871,0.0,0.288,-4.81
0.2775595486,-0.4003862143,0.790548265,13.52547144,0.3116461439,0.01109984452,-0.06005822164,286.6664669,1611.494208,290.3282279,0.0,0.327,-5.05
0.2604289651,-0.4000434577,0.7880131006,13.56020715,0.2201318396,0.04866284486,-0.06412406937,286.6588644,1620.85233,290.748805,0.0,0.244,-4.59
0.1442255825,-0.4061086476,0.7871143818,13.54950695,0.06461447814,0.1521651535,0.03795021324,286.173462,1592.693564,289.4777126,0.0,0.179,-4.5
0.3334982693,-0.4068284333,0.7525806427,13.52837633,-0.008757584042,0.2087265561,0.1369359971,285.8783216,1602.840172,289.9376608,0.0,0.259,-4.98
0.354726404,-0.4186358452,0.7735284567,13.54319945,0.144394778,0.1726322998,0.3051221858,285.673534,1607.01911,290.1264583,0.0,0.389,-5.6
0.359726429,-0.4224002063,0.7735284567,13.5421985,0.1468478194,0.1539958168,0.3426076721,285.6603277,1607.332128,290.1405851,0.0,0.413,-5.69
0.1471596509,-0.404504925,0.776642859,13.53034873,0.05620197048,0.156133971,-0.08919217881,286.2200933,1595.275902,289.5949786,0.0,0.198,-4.6
0.3953750432,-0.4953106642,0.7840211987,13.51574536,0.13286494,0.1231027016,0.5222299466,285.5276055,1606.249805,290.09173,0.0,0.562,-6.22
0.3957481384,-0.5067629218,0.7842310071,13.52021926,0.1261434422,0.1239373056,0.5047338315,285.5753526,1605.453173,290.055755,0.0,0.544,-6.16
0.3959373534,-0.5650684237,0.7641885877,13.5328743,0.03024488686,0.02390229606,0.3532352561,286.6473675,1595.298123,289.5959871,-16.73340499,0.365,-5.3
0.3959373832,-0.564452529,0.7558571696,13.52472024,-0.02278943995,0.02427182072,0.377377538,286.5908205,1592.855636,289.4850766,-15.20548077,0.388,-5.42
0.3959373832,-0.557048142,0.7442170382,13.51895258,0.01113751683,0.06118006546,0.4338588046,286.3370239,1591.041923,289.4026355,0.0,0.448,-5.71
0.3959373534,-0.560405612,0.7577073574,13.53127745,0.03622780281,0.05057986778,0.4046328767,286.3697069,1593.690741,289.5230121,0.0,0.419,-5.59
0.3959373832,-0.5516191721,0.7531561255,13.52495746,0.04928711769,0.08658338211,0.4340886032,286.2074592,1594.240298,289.5479681,0.0,0.455,-5.76
0.3959373832,-0.5428001881,0.7424638271,13.51049721,0.07502710841,0.09891996681,0.4795712504,286.05172,1593.58179,289.5180638,0.0,0.505,-5.96
0.3959373534,-0.528470099,0.7551214695,13.51444324,0.1106345923,0.1136200891,0.4850300974,285.8306954,1599.950947,289.8069144,0.0,0.52,-6.04
0.3959373534,-0.5376237631,0.751745522,13.51956063,0.08400096495,0.1124759721,0.4781732828,285.9238498,1597.679903,289.7040183,0.0,0.508,-5.99
0.3959373534,-0.5326620936,0.7620407939,13.52166162,0.09575154575,0.1191672644,0.4702077724,285.8702613,1600.621306,289.837266,0.0,0.504,-5.98
0.3959373832,-0.5229424238,0.7651296854,13.51922633,0.114744701,0.1211589058,0.4931280186,285.6942717,1603.265851,289.9569091,0.0,0.53,-6.09
0.3959373832,-0.5144996047,0.7747097015,13.52092969,0.1190621754,0.1226187366,0.4976774572,285.6261274,1604.902703,290.0308886,0.0,0.536,-6.12
0.3950342238,-0.4871917069,0.7647261024,13.50865789,0.1207964581,0.1231028095,0.5429344729,285.5016369,1605.592417,290.0620441,0.0,0.579,-6.28
0.3954614401,-0.4911632836,0.7745367885,13.51313445,0.1284944432,0.1213124323,0.5338602457,285.5094911,1606.140862,290.0868111,0.0,0.572,-6.26
0.3951010704,-0.4868666232,0.754344523,13.49985465,0.1129344265,0.1231517717,0.5588447729,285.4964565,1605.231627,290.0457479,0.0,0.593,-6.33
0.3957147598,-0.4941102266,0.7485447526,13.50083792,0.108752366,0.1171720638,0.5588911286,285.5090437,1603.558153,289.9701242,0.0,0.591,-6.33
0.3897025585,-0.4649164081,0.7535284758,13.50493443,0.1118931093,0.1324003185,0.5443985349,285.4953911,1605.142642,290.0417282,0.0,0.581,-6.29
0.3949325085,-0.4858438671,0.7448794842,13.50000697,0.09937531763,0.119703701,0.5641935256,285.4930509,1603.757015,289.9791138,0.0,0.595,-6.34
0.3949528039,-0.486208111,0.7338881493,13.49585402,0.08520399317,0.117219725,0.5750282447,285.4890886,1603.678316,289.9755563,0.0,0.603,-6.37
0.3957591951,-0.4950342178,0.7365493774,13.49952692,0.093305898,0.1139919781,0.5675059737,285.504289,1603.67854,289.9755664,0.0,0.596,-6.34
0.3860692382,-0.4563995898,0.7335284948,13.49633746,0.08239912542,0.1377804753,0.5527186213,285.485137,1604.252056,290.0014886,0.0,0.585,-6.31
0.3791798651,-0.4441152215,0.7535284758,13.50899622,0.1210605351,0.1498023502,0.5182383534,285.516375,1606.150743,290.0872572,0.0,0.562,-6.23
0.3701197505,-0.4323278069,0.7635284662,13.52429454,0.1499469718,0.1573154588,0.4738420772,285.5569287,1607.711382,290.1576984,0.0,0.531,-6.11
0.3651197255,-0.4273906946,0.7535284758,13.51658503,0.1300135279,0.1798273952,0.4784347531,285.5483405,1610.150374,290.2676824,0.0,0.537,-6.12
0.3897025585,-0.4649164081,0.7435284853,13.50158482,0.09709261665,0.1314629516,0.5521623808,285.4907809,1603.983807,289.989365,0.0,0.585,-6.31
0.3741798699,-0.4373278022,0.7435284853,13.50206978,0.1032365419,0.1626333246,0.5189199877,285.5124986,1607.519474,290.1490392,0.0,0.563,-6.22
0.3823173642,-0.4491152465,0.7335284948,13.49335359,0.08171358602,0.1472137742,0.5464406838,285.48468,1605.77998,290.0705149,0.0,0.581,-6.29
0.3791798651,-0.4441152215,0.7435284853,13.50398567,0.102409942,0.1495272628,0.5274391759,285.5109663,1605.93767,290.0776359,0.0,0.567,-6.24
0.3897025585,-0.4649164081,0.7335284948,13.49913295,0.08277130448,0.1294302373,0.5587379476,285.4866818,1603.595153,289.9717969,0.0,0.589,-6.33
0.393139869,-0.4764013588,0.7235082388,13.49277932,0.06608019057,0.1204478223,0.5797710138,285.4749013,1603.5172,289.9682728,0.0,0.605,-6.38
0.3933742046,-0.4774044156,0.7145287395,13.49475684,0.04776000628,0.1167754878,0.5823318287,285.4719541,1600.767203,289.8438705,0.0,0.605,-6.39
0.3897025585,-0.4649164081,0.7235285044,13.49873458,0.06798330474,0.1261960898,0.5626846197,285.4829247,1602.975663,289.9437878,0.0,0.59,-6.33
0.3914542496,-0.4699164033,0.7135284543,13.49135571,0.044922336,0.1221478076,0.5780154374,285.4653799,1603.414305,289.963621,0.0,0.602,-6.37
0.3948750794,-0.4856286347,0.7227663994,13.49544732,0.06933693968,0.1147017553,0.5805799865,285.485128,1602.324703,289.9143472,0.0,0.605,-6.38
0.3547380567,-0.4186273217,0.7635284662,13.53830243,0.1424892187,0.1929077559,0.3760947207,285.6227733,1609.21292,290.2254236,0.0,0.456,-5.84
0.3701197505,-0.4323278069,0.7535284758,13.51656515,0.1266502894,0.1618870112,0.4912209689,285.5459398,1609.302357,290.2294561,0.0,0.542,-6.14
0.3597380519,-0.4223906994,0.7635284662,13.53632255,0.1406292283,0.1699164219,0.4029686065,285.6192912,1609.75224,290.2497374,0.0,0.469,-5.89
0.3823173642,-0.4491152167,0.7235285044,13.49177966,0.06440687943,0.1420364616,0.5513794399,285.4807764,1606.602663,290.1076604,0.0,0.583,-6.3
0.07828533649,-0.5651934743,0.8290721178,13.66055203,0.004042974855,0.0250686865,0.04108687746,287.0380759,1579.726807,288.8867167,-6.5552688,0.058,-4.08
0.08537641168,-0.4638261497,0.7466086149,13.57716785,-0.01187266433,0.1908196808,0.3901891432,285.6677057,1579.580143,288.8800113,0.0,0.444,-5.96
0.1249697655,-0.4152988791,0.7485284805,13.50056837,-0.02039290895,0.273724713,0.518067321,285.8309836,1593.865033,289.5309276,0.0,0.596,-6.29
0.1026892066,-0.4347446859,0.7266229987,13.54907328,-0.05210426473,0.2467129799,0.4454210223,285.6043046,1586.123192,289.1787026,0.0,0.521,-6.19
0.1249697655,-0.4152989388,0.7285284996,13.50076482,-0.08153865187,0.2723680578,0.5409280657,285.7360735,1594.827156,289.574611,0.0,0.621,-6.38
0.1010120362,-0.4366266429,0.7067654729,13.5548143,-0.06578551066,0.2372566077,0.4243065776,285.5875162,1584.604168,289.1094414,0.0,0.5,-6.14
0.1374232918,-0.4082524776,0.7729545832,13.52414404,0.063304997,0.2102925713,0.2236502738,286.1663418,1594.158799,289.5442676,0.0,0.323,-5.27
0.1373457015,-0.4082839489,0.763094008,13.50203419,0.0524841963,0.2479841951,0.2655350985,286.2121631,1596.080458,289.6314851,0.0,0.377,-5.47
0.1134745479,-0.4235043526,0.7485284805,13.51390817,-0.04227989482,0.2270502293,0.4932993176,285.9216641,1589.524465,289.3336063,0.0,0.554,-6.17
0.0933926627,-0.4469644129,0.7324444056,13.562431,-0.06173545293,0.2144084344,0.4268830116,285.628344,1581.237185,288.9557432,0.0,0.491,-6.12
0.1619008631,-0.4014072418,0.7870435715,13.55778796,-0.08056891282,0.2018814328,-0.3080466833,286.3509634,1592.844256,289.4845596,0.0,0.387,-5.48
0.1696913838,-0.4005916417,0.7887614965,13.55828156,-0.1209658029,0.1912388856,-0.2916970083,286.4656532,1589.897293,289.3505709,0.0,0.379,-5.44
0.1788050681,-0.4007404745,0.7921238542,13.57981486,-0.1397159424,0.1881217406,-0.2270153365,286.5340118,1592.227802,289.4565468,0.0,0.336,-5.24
0.1596830785,-0.4011391699,0.7594814897,13.47550964,0.01072826632,0.2004028162,-0.4039412086,286.3364905,1600.92711,289.8511086,0.0,0.461,-5.7
0.1521115005,-0.4029179513,0.7625728846,13.49292949,0.06503608138,0.189740448,-0.1484757175,286.2589805,1599.238191,289.7746328,0.0,0.259,-4.91
0.146785751,-0.4045975208,0.7667558193,13.50263849,0.05921274138,0.1585514658,-0.09337213157,286.2747081,1596.913489,289.669269,0.0,0.203,-4.6
0.1627172232,-0.4006302357,0.7738154531,13.5167421,-0.07065700983,0.2537597898,-0.4021668445,286.4216875,1597.437611,289.6930341,0.0,0.49,-5.78
0.07849474251,-0.4933442175,0.7756665349,13.6052362,0.004622271313,0.1629116732,0.2624633341,286.136801,1578.682148,288.8389453,-13.71761744,0.319,-5.36
0.07829241455,-0.5183364749,0.7928770781,13.62655448,0.008776239874,0.1408061008,0.1990064383,286.2623429,1577.383227,288.7795136,-11.45319472,0.254,-5.02
0.07842060924,-0.5078737736,0.7830916047,13.61251335,0.01689709248,0.1493476728,0.2952989431,285.9081154,1578.780667,288.8434515,0.0,0.341,-5.51
0.07828532904,-0.5477802753,0.8131673932,13.64909367,0.01202356274,0.07461047226,0.1290064131,286.4754511,1576.579335,288.7427135,-8.547297401,0.159,-4.4
0.07828532904,-0.5334997177,0.8006612659,13.63608084,0.0163483397,0.09614657559,0.2348199442,286.0897027,1576.866814,288.7558752,0.0,0.264,-5.12
0.07828532904,-0.5534611344,0.8021587133,13.63842711,0.02745073169,0.03797155866,0.2238955696,286.265558,1575.810664,288.7075125,0.0,0.238,-4.95
0.07828533649,-0.5620374084,0.8138728738,13.6494564,0.0287333344,0.02087908191,0.1338117993,286.5279081,1575.761819,288.7052752,-8.571526992,0.148,-4.32
0.07836096734,-0.503103137,0.7617823482,13.59891761,0.004808829259,0.1410659765,0.3406773093,285.8302722,1577.806805,288.7988984,0.0,0.378,-5.69
0.0794756338,-0.4875579774,0.7481452227,13.58916729,-0.003331711069,0.1584369207,0.3667440428,285.7400436,1577.524619,288.7859848,0.0,0.409,-5.83
0.09441657364,-0.4452286661,0.7181783319,13.56617617,-0.02734267566,0.2125393602,0.4000673498,285.581206,1583.743659,289.0701836,0.0,0.463,-6.03
0.08587536961,-0.4627854526,0.7187455297,13.58084961,-0.02156892764,0.1768781691,0.3820152484,285.6320503,1577.563294,288.7877548,0.0,0.431,-5.94
0.09643492848,-0.4418705404,0.6990075707,13.57162824,-0.03264774581,0.2020672853,0.3906492824,285.5681192,1584.080723,289.0855629,0.0,0.451,-5.99
0.07828533649,-0.5176113248,0.7883918285,13.61581731,0.01927924763,0.1104681235,0.3293843314,285.8459455,1579.134998,288.8596567,0.0,0.358,-5.6
0.3097841144,-0.4003011286,0.7432777882,13.47902018,-0.0894015401,0.1964569448,-0.2085139011,286.7023905,1603.543917,289.9694806,0.0,0.31,-5.01
0.3058946431,-0.4000205696,0.7807845473,13.50184331,0.240703046,0.08526100663,-0.09832286157,287.0753954,1580.111948,288.9043229,0.0,0.283,-4.94
0.2983440757,-0.3996737301,0.7831248045,13.49492388,0.2940140731,0.07244309672,-0.06896034481,286.9347746,1580.233,288.909856,0.0,0.32,-5.14
0.2897382975,-0.39974159,0.7851499319,13.50309563,0.3153421769,0.05427860798,-0.0529704482,286.7843583,1600.481105,289.830919,0.0,0.334,-5.11
0.1930680424,-0.4012111127,0.7952874899,13.60569165,-0.04992320777,0.1716473179,-0.1692708379,286.6041136,1597.714182,289.7055723,0.0,0.256,-4.82
0.2117194086,-0.4006318748,0.7921155095,13.61165356,0.00974075858,0.126294259,-0.1149260682,286.6078458,1607.841334,290.1635616,0.0,0.181,-4.32
0.3113563061,-0.4005859196,0.7280448675,13.45070994,-0.0627191475,0.2217692525,-0.1936566314,286.525787,1624.154467,290.8967765,0.0,0.311,-4.93
0.3180894256,-0.4018384516,0.7276374102,13.44724748,-0.06530915248,0.2632624957,-0.1056112497,286.3023865,1621.541328,290.7796983,0.0,0.301,-4.96
0.318877548,-0.4020613134,0.7370310426,13.47428823,-0.07837749186,0.2269545551,-0.06585706041,286.2486777,1612.930532,290.3928986,0.0,0.259,-4.83
0.3280677497,-0.40470469,0.7422352433,13.49664676,-0.03668206336,0.2443064896,0.08030437207,286.0162097,1607.52194,290.1491505,0.0,0.269,-4.97
0.3099575937,-0.4003281593,0.7590363622,13.49478552,-0.07166155683,0.1639596096,-0.160848297,287.0772364,1594.214207,289.5467835,0.0,0.25,-4.7
0.3421943784,-0.4107167423,0.7635284662,13.54407713,0.07740042933,0.1973177725,0.2085102794,285.7506951,1604.3717,290.0068955,0.0,0.307,-5.24
0.3049998581,-0.3997477889,0.7701616287,13.48056828,0.06525049077,0.1748202661,-0.1286168588,287.9866622,1591.15922,289.4079693,0.0,0.236,-4.42
0.3471943736,-0.4136273265,0.7635284662,13.54268636,0.08659487393,0.1784278655,0.2600727921,285.7408638,1606.957432,290.1236744,0.0,0.337,-5.37
0.2275941521,-0.4007582664,0.7928807139,13.60279745,0.1220950561,0.08169363436,-0.106343971,286.6591801,1613.507315,290.4188562,0.0,0.191,-4.33
0.2422976047,-0.4000967443,0.7884474993,13.58546936,0.167500247,0.05366814566,-0.07534262494,286.6763225,1618.783408,290.6559797,0.0,0.201,-4.36
0.2754753828,-0.3999179602,0.7869143486,13.53238267,0.2808972779,0.03056918969,-0.04145790024,286.7533434,1618.337759,290.6359733,0.0,0.295,-4.84
0.2592763007,-0.3996786773,0.784478426,13.56448198,0.1954515559,0.07681339877,-0.04180071988,286.7830584,1620.543058,290.7349347,0.0,0.224,-4.46
0.2311575264,-0.3999358118,0.7871592045,13.60236481,0.07127551623,0.1068281209,-0.08110674153,286.6277771,1615.419624,290.5048683,0.0,0.161,-4.12
0.3362052143,-0.4079379737,0.7434631586,13.51135,0.03929691631,0.2499850369,0.2748097821,285.8175964,1613.326266,290.410709,0.0,0.383,-5.5
0.3421943784,-0.4107167423,0.7535284758,13.53084046,0.09093655322,0.2327766394,0.3147368949,285.6931946,1610.511253,290.2839453,0.0,0.411,-5.65
0.1556231976,-0.4020157754,0.7494589686,13.46110102,0.04041261275,0.2158537184,-0.3003774025,286.3162377,1601.567428,289.880087,0.0,0.382,-5.42
0.1631229967,-0.4005284309,0.7401651144,13.45397184,0.01127620106,0.2584547198,-0.411848082,286.4461142,1608.495458,290.1930692,0.0,0.496,-5.73
0.1591764838,-0.401165098,0.7450910211,13.44222028,0.02628722635,0.2527704108,-0.363817862,286.3475244,1605.1782,290.0433344,0.0,0.453,-5.64
0.3958844543,-0.5015553832,0.7762101293,13.51701794,0.1254377917,0.1200547641,0.5219208611,285.534682,1605.1114,290.0403168,0.0,0.56,-6.22
0.3959373534,-0.5671120286,0.7426049113,13.52659461,0.006711530192,0.0306136444,0.3888910218,286.5588446,1591.025499,289.4018887,-14.96574864,0.4,-5.48
0.3959373534,-0.5651969314,0.7317692637,13.51534291,-0.0627036699,0.01693480811,0.4228212049,286.4931703,1584.715045,289.1144986,-13.27209857,0.437,-5.67
0.3959373534,-0.5558134913,0.7230827212,13.50920634,-0.007606077586,0.05955662168,0.4726248559,286.2930177,1583.559946,289.0618003,0.0,0.486,-5.89
0.3959373534,-0.5543562174,0.7338844538,13.52216752,0.01691495814,0.06499272646,0.4478300917,286.2887129,1587.600544,289.246016,0.0,0.462,-5.79
0.3959373236,-0.5479751825,0.7469668388,13.52216865,0.05854365445,0.09451305863,0.4645915089,286.0751015,1593.281707,289.5044332,0.0,0.487,-5.9
0.3959373832,-0.5400465131,0.7163699865,13.50245428,0.06255266803,0.08841434765,0.5164533436,285.9823265,1587.213097,289.2283671,0.0,0.537,-6.12
0.3959373534,-0.5297400355,0.7350208163,13.50584466,0.1065052969,0.1008889279,0.5177860501,285.7813777,1597.175148,289.6811341,0.0,0.548,-6.15
0.3959373832,-0.5252817273,0.7452915311,13.51260255,0.105793945,0.1125237457,0.5122447426,285.7060747,1601.507978,289.8773969,0.0,0.545,-6.14
0.3959373832,-0.5420506001,0.7283183932,13.51238069,0.07069493768,0.1033497235,0.4996286049,285.9382433,1591.615798,289.4287283,0.0,0.525,-6.07
0.3959373534,-0.5197544694,0.754412353,13.5113887,0.1200833444,0.1126364538,0.5088492188,285.673614,1601.966207,289.8981298,0.0,0.544,-6.15
0.3959373832,-0.5101954341,0.7602565885,13.51410635,0.1173829755,0.1170682722,0.5214794688,285.5720531,1603.99593,289.9899129,0.0,0.557,-6.21
0.3959002197,-0.5015479922,0.7684609294,13.51365056,0.1235982336,0.120174546,0.522862501,285.5453783,1604.28206,290.0028445,0.0,0.56,-6.22
0.3957923949,-0.497266084,0.7579206824,13.50882889,0.1170076653,0.1187251441,0.5410417571,285.516132,1603.823083,289.9821003,0.0,0.576,-6.28
0.3959366679,-0.5031770468,0.7525049448,13.50384575,0.1184514676,0.1127008225,0.545768176,285.54078,1603.017265,289.945669,0.0,0.579,-6.29
0.3959317207,-0.5033407211,0.7431362271,13.50204087,0.1044283521,0.1101944303,0.5575164053,285.5318781,1603.366734,289.9614703,0.0,0.587,-6.31
0.3959184587,-0.4998775423,0.7509375215,13.50867163,0.1079986052,0.1157868067,0.5470681284,285.5122591,1603.694324,289.9762799,0.0,0.579,-6.29
0.3957916498,-0.4957318604,0.7255136967,13.498422,0.07640091915,0.1098577462,0.5777124755,285.5013675,1601.471035,289.8757251,0.0,0.603,-6.37
0.3959372342,-0.5066761971,0.730684638,13.50113658,0.09282121519,0.1050616669,0.5629545097,285.5419931,1601.369829,289.8711453,0.0,0.59,-6.32
0.3959361613,-0.5037397742,0.7206852436,13.50167383,0.07602462682,0.1047903941,0.5710201824,285.5207155,1599.652204,289.7933853,0.0,0.595,-6.35
0.3860692382,-0.4563995898,0.7235285044,13.49536745,0.06645261239,0.1336585098,0.5570138945,285.4812002,1604.326969,290.0048741,0.0,0.586,-6.32
0.3741798699,-0.4373278022,0.7235285044,13.49409664,0.0681069609,0.1545622782,0.534676594,285.5044765,1608.686121,290.2016683,0.0,0.57,-6.24
0.3823173642,-0.4491152465,0.7135284543,13.49281387,0.04736018678,0.1353901325,0.5525073373,285.4774193,1605.481301,290.0570255,0.0,0.58,-6.29
0.3741798699,-0.4373277724,0.7335284948,13.49715558,0.0846732299,0.1597002229,0.5280173312,285.5080842,1608.391418,290.1883765,0.0,0.568,-6.23
0.3651197255,-0.4273906946,0.7435284853,13.50731316,0.10670097,0.1807645923,0.4948088998,285.5414099,1613.006682,290.3963261,0.0,0.547,-6.14
0.3597380519,-0.4223906994,0.7535284758,13.52510159,0.124621197,0.1807001668,0.4456946897,285.5946593,1613.446269,290.4161093,0.0,0.506,-5.99
0.3547380567,-0.4186273217,0.7535284758,13.52604519,0.1269890796,0.2049194148,0.4263088056,285.5970721,1613.579416,290.4221006,0.0,0.499,-5.97
0.3547380567,-0.4186273217,0.7435284853,13.51204226,0.1071523023,0.2098642559,0.4609716978,285.5808433,1618.674803,290.6511045,0.0,0.527,-6.03
0.3701197505,-0.4323278069,0.7435284853,13.50853313,0.1061998983,0.1635165357,0.5057957107,285.5387564,1610.671835,290.291181,0.0,0.552,-6.16
0.3791798651,-0.4441152215,0.7335284948,13.49998933,0.0857876429,0.1471982103,0.5356495963,285.5062543,1605.639153,290.0641548,0.0,0.572,-6.26
0.3931366503,-0.4763995707,0.7035284638,13.50066564,0.02886589234,0.1125314417,0.5781243986,285.4688347,1597.140989,289.6795852,0.0,0.599,-6.4
0.3949594796,-0.486247927,0.7135813832,13.49829888,0.05149114743,0.1119624163,0.582689609,285.4808593,1598.469418,289.739802,0.0,0.605,-6.4
0.3957769871,-0.4960335195,0.7132757902,13.49976686,0.05641902799,0.1061954377,0.5821038878,285.4987931,1596.777703,289.6631112,0.0,0.604,-6.4
0.3897025287,-0.4649164081,0.7135284543,13.5008113,0.0528209677,0.1218534032,0.5626339334,285.4794901,1599.972968,289.8079116,0.0,0.588,-6.35
0.3914542496,-0.4699164033,0.7035284638,13.4973982,0.02536665828,0.1168337181,0.5734460616,285.4625629,1600.298507,289.822652,0.0,0.595,-6.37
0.3651197553,-0.4273907244,0.7335284948,13.49909252,0.08750743697,0.1791352674,0.5084753772,285.5370064,1614.910904,290.4819945,0.0,0.556,-6.15
0.3791798651,-0.4441152215,0.7235284448,13.49793693,0.07091948458,0.1429878537,0.5410395237,285.5023229,1604.783653,290.0255099,0.0,0.574,-6.27
0.07828532904,-0.5637749434,0.7964761257,13.63978068,0.0004669511211,0.03276021135,0.1581795025,286.6198064,1576.445023,288.7365636,-7.839792955,0.171,-4.46
0.1249620169,-0.4153027534,0.7085286379,13.5127157,-0.1128881056,0.253709149,0.5110300616,285.6561493,1590.398566,289.3733752,0.0,0.591,-6.35
0.07960531861,-0.4873350561,0.7274298668,13.58817452,-0.01695114275,0.1517433226,0.3691741511,285.6988141,1575.326199,288.68532,0.0,0.409,-5.86
0.1035077497,-0.4336918592,0.6854972243,13.56707277,-0.0765629801,0.2180466089,0.3996948476,285.5749394,1578.504922,288.8308386,0.0,0.471,-6.09
0.1369569153,-0.4084300399,0.7445345521,13.45966027,-0.03823987804,0.2984213658,0.3918608699,286.2400908,1599.439268,289.7837409,0.0,0.504,-5.87
0.1356052309,-0.4090385735,0.7536176443,13.47237639,0.01155699337,0.2761689294,0.3379637416,286.225861,1597.683929,289.7042008,0.0,0.446,-5.7
0.1134745479,-0.4235043526,0.72852844,13.52074377,-0.104867039,0.2240157452,0.510803472,285.8075847,1589.12003,289.3152002,0.0,0.577,-6.27
0.09327727556,-0.4471349716,0.7063286901,13.57158678,-0.07421509251,0.2094694282,0.4029113785,285.6053802,1578.687347,288.8391831,0.0,0.47,-6.07
0.1444699913,-0.4053278863,0.7549648285,13.46367165,0.05279959288,0.2232487924,-0.0142545988,286.3211777,1599.287975,289.7768879,0.0,0.239,-4.79
0.1359506696,-0.4088993967,0.7235285044,13.48011121,-0.148482458,0.3065585282,0.462315784,286.036542,1598.147647,289.7252198,0.0,0.584,-6.17
0.1359506696,-0.4088993967,0.7335284948,13.45089839,-0.09729857313,0.302792208,0.4028183222,286.1542573,1599.84823,289.8022629,0.0,0.523,-5.95
0.1134745479,-0.4235043824,0.7085284591,13.53669221,-0.1275232778,0.2183184251,0.4779591914,285.6909579,1584.831469,289.1198085,0.0,0.55,-6.26
0.0940971598,-0.4457493424,0.690972805,13.58217276,-0.07164311987,0.1963310941,0.3754133694,285.5871044,1573.882386,288.619151,0.0,0.439,-6.0
0.165248692,-0.4005969167,0.784084022,13.54954834,-0.1160092879,0.1976479013,-0.3295006621,286.4214162,1592.502011,289.4690084,0.0,0.411,-5.55
0.1725595146,-0.3999967575,0.7854750752,13.55395517,-0.1593359909,0.1840492342,-0.2819047531,286.5154561,1588.871463,289.303886,0.0,0.382,-5.44
0.1819088012,-0.4001141787,0.7882174253,13.58471567,-0.1605937024,0.1793333295,-0.1977872131,286.5663179,1593.100673,289.4962093,0.0,0.321,-5.16
0.1580422968,-0.4014016092,0.7451311946,13.45795079,0.01322791162,0.1974397345,-0.3063994577,286.3468701,1601.594083,289.8812931,0.0,0.374,-5.38
0.1647710204,-0.4002484679,0.756660223,13.46474785,0.01370901859,0.2578186547,-0.4468980569,286.4245293,1603.310266,289.9589173,0.0,0.526,-5.86
0.1660883278,-0.4001176953,0.7713369131,13.49374213,-0.0790631627,0.2718424721,-0.4173596291,286.4896528,1598.128056,289.7243318,0.0,0.514,-5.83
0.07828533649,-0.525818646,0.7811765671,13.61710816,0.004572576011,0.1073331008,0.2909975186,286.00052,1576.260852,288.7281302,0.0,0.32,-5.41
0.07828532904,-0.519647181,0.7653502226,13.60393461,-0.009193172973,0.1038349795,0.3543850265,285.842244,1577.555525,288.7873992,0.0,0.379,-5.69
0.07828532904,-0.5499247313,0.7838353515,13.62430224,-0.005456869888,0.05213334078,0.2794876534,286.1565342,1574.232641,288.6352071,0.0,0.294,-5.27
0.07828532904,-0.5642563105,0.780924499,13.62158531,-0.01345628863,0.01305324526,0.2555093226,286.4636902,1572.818107,288.5703466,-9.193902441,0.266,-5.06
0.07851669937,-0.4951876402,0.7177360654,13.59701607,-0.002817919571,0.1253722294,0.3232315131,285.8715673,1572.271984,288.5452936,-12.1564864,0.356,-5.62
0.07828533649,-0.5188106894,0.7309272885,13.60421094,-0.003258310504,0.1207146209,0.2789099543,286.0451806,1570.564621,288.4669273,-11.14914677,0.314,-5.41
0.07830413431,-0.5066916943,0.7381440997,13.59695126,-0.01359239531,0.1284319632,0.347621585,285.795811,1574.758822,288.6593229,0.0,0.38,-5.72
0.07828532904,-0.526704669,0.7461743951,13.6036074,-0.01706838288,0.1048882834,0.3286270558,285.9124859,1573.380262,288.5961283,0.0,0.355,-5.6
0.08575799316,-0.4628413618,0.6959273815,13.58726933,-0.02688198868,0.1656751602,0.3723483156,285.5902437,1577.0537,288.7644304,0.0,0.418,-5.91
0.07952577621,-0.4884464145,0.7033541203,13.59822327,-0.02346147309,0.1361333147,0.3469386387,285.6649238,1571.723088,288.5201068,0.0,0.383,-5.79
0.08729431033,-0.4589758217,0.6725278497,13.59552141,-0.03208195281,0.1530418224,0.3637064926,285.5540652,1575.073622,288.6737478,0.0,0.405,-5.88
0.3064343631,-0.3998859227,0.7421610951,13.47539868,-0.08129712208,0.2025945205,-0.2150672448,286.8586001,1605.558331,290.0605046,0.0,0.316,-4.99
0.3030512333,-0.3996780515,0.7786229253,13.49426439,0.2119499272,0.1048303448,-0.105429453,287.3842473,1580.488256,288.9215222,0.0,0.268,-4.79
0.2964549363,-0.3994852901,0.7809212804,13.49417968,0.2808781079,0.09072148862,-0.06116754973,287.083856,1584.582556,289.1084556,0.0,0.311,-5.04
0.2875881195,-0.399525404,0.7824168801,13.50762452,0.2896823108,0.07900999805,-0.03775928828,286.9466972,1609.742905,290.2493166,0.0,0.312,-4.92
0.3066342771,-0.399931401,0.7117070556,13.41887805,-0.0206739634,0.2536143086,-0.2040256139,286.7571609,1644.992703,291.8253869,0.0,0.336,-4.85
0.3024019599,-0.3995603025,0.702916801,13.39685354,0.001667779118,0.2847606462,-0.2707585955,286.9673024,1657.556092,292.3809915,0.0,0.403,-4.98
0.3160406649,-0.4014926553,0.7141875625,13.4176664,0.009622421234,0.3093986414,0.01280427446,286.5164188,1641.905059,291.6883517,0.0,0.319,-4.86
0.3100428581,-0.4003298283,0.7063707709,13.39032354,0.01558796173,0.3287490653,-0.1449047304,286.6901854,1654.331546,292.238691,0.0,0.369,-4.95
0.3054055274,-0.3997791111,0.7269340754,13.4558066,-0.05156339868,0.2135962386,-0.2361028536,286.6999789,1624.204951,290.899037,0.0,0.332,-4.98
0.1955205053,-0.4004083574,0.7906931043,13.61256949,-0.05276411175,0.150365521,-0.1356375143,286.6354869,1599.590972,289.7906121,0.0,0.219,-4.6
0.213296786,-0.4000321031,0.7879114151,13.61535029,0.01264478195,0.1251591145,-0.08476179382,286.6629132,1610.00019,290.2609136,0.0,0.161,-4.15
0.3254212439,-0.4038830698,0.7323547602,13.47451565,-0.003168108564,0.2602964116,0.1638644416,286.1176324,1621.212297,290.7649464,0.0,0.317,-5.09
0.3237199783,-0.4034154713,0.723315239,13.45431841,0.04047244128,0.2871872277,0.2496940067,286.1373479,1629.785034,291.1485673,0.0,0.392,-5.34
0.3168749809,-0.4015619755,0.7228305936,13.44331703,-0.0165053635,0.2486515699,0.002150328282,286.5314914,1633.070109,291.2951699,0.0,0.259,-4.63
0.3350738883,-0.4074534476,0.7344101667,13.48845949,0.06091522929,0.27442541,0.3654332728,285.8072204,1623.606236,290.8722254,0.0,0.471,-5.75
0.3062593639,-0.3998669088,0.7570996284,13.48905581,-0.06303531868,0.1782122339,-0.1544363947,287.3718174,1596.890098,289.6682082,0.0,0.254,-4.63
0.3471943736,-0.4136273265,0.7535284758,13.53047397,0.09641534024,0.2040632203,0.3518156768,285.6932315,1612.807563,290.3873636,0.0,0.428,-5.7
0.3471943736,-0.4136273265,0.7435284853,13.51495901,0.09497028601,0.2193074971,0.4191692623,285.656758,1619.274757,290.6780329,0.0,0.492,-5.89
0.3022431433,-0.3995277286,0.7680850029,13.47388139,0.0396170914,0.1896443699,-0.100433682,288.6957125,1594.585176,289.5636262,0.0,0.228,-4.19
0.2277206928,-0.400097996,0.7884526253,13.60562639,0.114889066,0.06798157452,-0.07754262079,286.7112182,1614.890633,290.4810829,0.0,0.164,-4.13
0.2439320683,-0.3997077346,0.7848126888,13.58814431,0.1522972179,0.07787512936,-0.04897684874,286.7872162,1618.899968,290.6612117,0.0,0.188,-4.25
0.2737880945,-0.3996159434,0.7837039828,13.53754546,0.2512530206,0.05897517995,-0.02600488003,286.8989844,1621.701836,290.7868937,0.0,0.269,-4.66
0.2582966387,-0.399472028,0.7815383077,13.56822453,0.1768352087,0.1007770225,-0.02666669148,286.9710251,1620.228486,290.7208246,0.0,0.215,-4.36
0.228459239,-0.3997278214,0.7850442529,13.60438024,0.06679359356,0.1358705766,-0.05264095959,286.7413806,1616.299588,290.5444217,0.0,0.17,-4.15
0.3421943784,-0.4107167423,0.7435284853,13.5139287,0.09280765311,0.2513709488,0.3930285648,285.6603276,1618.558443,290.6458809,0.0,0.485,-5.87
0.1467237025,-0.4045693278,0.7438235879,13.4407813,-0.01409179078,0.2638829229,-0.01035237874,286.3782175,1600.964098,289.8527828,0.0,0.274,-4.95
0.1554898471,-0.4020367265,0.7398877144,13.44520458,-0.01173696832,0.244547881,-0.2728870667,286.3731983,1604.360483,290.0063886,0.0,0.376,-5.37
0.1672291458,-0.4000039697,0.7193421721,13.48143568,-0.01062157305,0.2714900606,-0.333074518,286.7370782,1611.656784,290.3355501,0.0,0.439,-5.44
0.15722844,-0.4017243683,0.7244291902,13.46283725,-0.0425293056,0.2801697905,-0.2449237718,286.4628666,1606.02134,290.0814141,0.0,0.384,-5.36
0.1686431319,-0.3997956514,0.7372094393,13.4564683,0.01160824277,0.2695483741,-0.392555594,286.6266452,1611.554462,290.3309417,0.0,0.486,-5.63
0.1718717963,-0.3995364904,0.7067103982,13.48446039,-0.009154372211,0.2878339894,-0.2853661088,287.2855695,1615.04711,290.4881192,0.0,0.415,-5.18
0.3959373534,-0.5658413768,0.716319561,13.52578648,-0.04745877037,0.0288073253,0.4212846314,286.498397,1578.662833,288.8380618,-11.12170706,0.435,-5.7
0.3959373534,-0.5666985512,0.7074996829,13.51417632,-0.1331733857,0.005269858471,0.4461551082,286.3814441,1575.074295,288.6737786,-11.27965434,0.475,-5.88
0.3959373534,-0.5485568643,0.7201077938,13.52091415,0.02436943283,0.07695069136,0.4697951107,286.182398,1584.311549,289.0960934,0.0,0.486,-5.92
0.3959373534,-0.5558552146,0.6989891529,13.51441554,-0.06215678714,0.05454419555,0.4831731426,286.283911,1576.33461,288.7315078,0.0,0.5,-5.98
0.3959373832,-0.5562636852,0.7099974751,13.52205315,-0.01575171585,0.0665853782,0.4669129572,286.2722082,1578.322067,288.8224736,0.0,0.481,-5.91
0.3959373534,-0.5341407061,0.700289607,13.50635446,0.05129445118,0.07678490807,0.5423533157,285.7810886,1585.680523,289.1585238,0.0,0.56,-6.25
0.3959373534,-0.5403996706,0.6933518648,13.51680258,-0.003222083511,0.07625970234,0.5079576347,286.0223728,1579.59573,288.880724,0.0,0.523,-6.11
0.3959373534,-0.5333533287,0.7085937858,13.51718752,0.06679093663,0.1028889136,0.5256319034,285.7190408,1587.765549,289.2535313,0.0,0.549,-6.23
0.3959373534,-0.5265479684,0.7132990956,13.50556253,0.07794297699,0.09444011964,0.5444494978,285.6777951,1591.019706,289.4016252,0.0,0.568,-6.28
0.3959373534,-0.5280723572,0.7240598202,13.50568799,0.09153708469,0.1003545112,0.5308202274,285.7302046,1594.749077,289.5710667,0.0,0.558,-6.21
0.3959373832,-0.5421765447,0.7025611997,13.51652942,0.03915381339,0.09546901917,0.5063003636,285.9678788,1581.95048,288.9883246,0.0,0.526,-6.12
0.3959373236,-0.5142407417,0.7403935194,13.5035871,0.1150182789,0.1032778951,0.5391742891,285.6116111,1600.998037,289.8543189,0.0,0.57,-6.25
0.3959373534,-0.5191488266,0.7322566509,13.50441765,0.101071186,0.1024351417,0.5429877723,285.6218101,1600.007486,289.8094747,0.0,0.571,-6.25
0.3959373236,-0.5117408037,0.7494209409,13.50984192,0.1117196968,0.1139019964,0.5332925749,285.5668814,1603.732683,289.9780139,0.0,0.566,-6.24
0.3959373832,-0.5149409175,0.7202350497,13.5022461,0.08320389738,0.09863083691,0.5593669521,285.5837524,1596.842419,289.666046,0.0,0.584,-6.32
0.3959373534,-0.5068471432,0.7132974863,13.50269911,0.0642346876,0.1005988493,0.5721487913,285.531588,1595.165147,289.5899521,0.0,0.594,-6.37
0.3959373534,-0.5161178708,0.7088737488,13.50897475,0.06536880566,0.09987594453,0.5579479789,285.5677991,1592.213232,289.4558846,0.0,0.58,-6.34
0.3950989842,-0.4873973429,0.7045407295,13.50351033,0.03202378924,0.1084656751,0.5808406057,285.4783966,1594.588615,289.5637823,0.0,0.601,-6.41
0.3914542794,-0.4699164033,0.6935284734,13.50762435,0.005707779651,0.1112599459,0.5616693327,285.4599232,1597.32282,289.6878297,0.0,0.582,-6.35
0.3860692382,-0.4563995898,0.7135284543,13.4970383,0.05036462017,0.1281846459,0.5574257353,285.4777029,1602.244324,289.9107113,0.0,0.584,-6.32
0.3860692382,-0.4563995898,0.7035284638,13.50213794,0.03423814383,0.121489732,0.5526985678,285.4746263,1597.431148,289.6927411,0.0,0.577,-6.33
0.3823173642,-0.4491152465,0.7035284638,13.49733497,0.03068228471,0.1272817721,0.5484744068,285.4745614,1601.2967,289.8678359,0.0,0.573,-6.3
0.3741798699,-0.4373278022,0.7135285139,13.49374656,0.05321260251,0.1473140598,0.5374797523,285.5015497,1606.778813,290.115612,0.0,0.569,-6.25
0.3651197553,-0.4273906946,0.7235285044,13.49311391,0.07194794096,0.1746263063,0.5190993163,285.5341284,1614.633553,290.4695215,0.0,0.562,-6.17
0.3701197207,-0.4323277771,0.7235285044,13.49740605,0.07565573695,0.1583369303,0.5268775841,285.5295602,1609.091245,290.2199373,0.0,0.565,-6.21
0.3791798651,-0.4441152215,0.7135284543,13.49863239,0.05732022181,0.1368888635,0.5423569651,285.4989975,1601.97826,289.8986751,0.0,0.572,-6.28
0.3701197505,-0.4323278069,0.7335284948,13.50179258,0.08930808316,0.162363633,0.5179796682,285.5335088,1610.852018,290.2992992,0.0,0.56,-6.19
0.3597380519,-0.4223906994,0.7435284853,13.51276979,0.1068507717,0.1858605996,0.4760665578,285.5780788,1616.985149,290.5752257,0.0,0.532,-6.06
0.3547380567,-0.4186273217,0.7335284948,13.49879492,0.08877278553,0.2099719689,0.4854076814,285.5720111,1622.408872,290.8185831,0.0,0.546,-6.07
0.3931366503,-0.4763995707,0.6935284734,13.51111122,0.009640173674,0.1078605532,0.5669843142,285.4664834,1594.323784,289.5517588,0.0,0.587,-6.38
0.3959373534,-0.5059661865,0.704709053,13.50904314,0.04744756173,0.09924970826,0.5708729828,285.51988,1591.371583,289.4176252,0.0,0.591,-6.39
0.395817399,-0.4974937439,0.7024357319,13.50726853,0.03799816091,0.1042368094,0.5776959338,285.4938725,1592.525557,289.4700784,0.0,0.598,-6.41
0.3897025585,-0.4649164081,0.7035284638,13.50624317,0.03731120565,0.1163539756,0.5576576144,285.476343,1594.573046,289.5630755,0.0,0.58,-6.36
0.3597380519,-0.4223906994,0.7335284948,13.50164485,0.09146925542,0.1868205952,0.4979203594,285.5680147,1618.433497,290.6402716,0.0,0.549,-6.1
0.3421943784,-0.4107167423,0.7335284948,13.4944011,0.08444162403,0.2600097158,0.445564897,285.6341885,1625.877687,290.9739059,0.0,0.532,-5.99
0.3547380567,-0.4186273217,0.7235285044,13.48814317,0.07438639298,0.2063130127,0.5036741551,285.5681696,1622.639205,290.8289044,0.0,0.559,-6.11
0.3651197255,-0.4273906946,0.7135284543,13.49018162,0.05943762781,0.1670153125,0.5254316978,285.532621,1611.441335,290.3258465,0.0,0.564,-6.2
0.3741798699,-0.4373278022,0.7035284638,13.49682151,0.03980201928,0.1379180685,0.5353302477,285.4990767,1600.81575,289.846068,0.0,0.564,-6.27
0.3959373534,-0.5177160501,0.6941306591,13.51987446,0.034317267,0.09335012206,0.5521785347,285.5661284,1587.592024,289.2456279,0.0,0.571,-6.34
0.3959373534,-0.5232977271,0.6926489472,13.51660649,0.03104461953,0.08180985472,0.5447793057,285.6544422,1586.0981,289.1775589,0.0,0.561,-6.29
0.3914542496,-0.4699164033,0.6835284829,13.52069972,-0.01213007676,0.1046569584,0.5435664367,285.4576187,1596.433312,289.6474913,0.0,0.563,-6.3
0.3860692382,-0.4563995898,0.6935284734,13.51083844,0.01903159758,0.1136767963,0.5421597965,285.4718701,1592.377558,289.4633528,0.0,0.564,-6.32
0.3931366503,-0.4763995707,0.6835284829,13.52444271,-0.007585181908,0.1028667582,0.5495581909,285.4639074,1594.279574,289.5497515,0.0,0.569,-6.33
0.3823173642,-0.4491152465,0.6935284734,13.50558782,0.01491057239,0.1177025721,0.5384566413,285.472082,1596.12556,289.6335311,0.0,0.561,-6.29
0.3741798699,-0.4373278022,0.6935284734,13.50361074,0.02782417939,0.1263017743,0.5274205576,285.4969139,1593.44159,289.5116958,0.0,0.553,-6.28
0.07828532904,-0.5664747357,0.7649465203,13.62224899,-0.01864534287,0.03858660174,0.2285978639,286.49071,1570.777566,288.4767048,-7.670586804,0.242,-4.95
0.1349393725,-0.4093714356,0.7025244832,13.4990459,-0.1824291339,0.2898025615,0.4947387064,285.724051,1590.047655,289.3574118,0.0,0.611,-6.39
0.1359506696,-0.4088993967,0.7135284543,13.48382713,-0.1730226097,0.3043087491,0.4670633301,285.8980107,1594.554919,289.5622526,0.0,0.593,-6.26
0.1257217228,-0.414591521,0.6882303953,13.53185946,-0.1216193335,0.2152762199,0.4856159114,285.6442722,1580.421538,288.918473,0.0,0.555,-6.31
0.07830019295,-0.5089172125,0.715852201,13.60128241,-0.02355128007,0.1205136906,0.3390824926,285.7451085,1571.347288,288.5028589,0.0,0.37,-5.72
0.11365778,-0.423273474,0.6903473139,13.55695217,-0.1197359321,0.2066628474,0.4315809164,285.6634282,1575.881585,288.7107608,0.0,0.503,-6.18
0.1149374247,-0.4221544862,0.67479074,13.5564867,-0.1094483596,0.1966388918,0.4306022499,285.6125866,1571.581294,288.5135993,0.0,0.495,-6.19
0.09440681338,-0.4455461204,0.6685987115,13.5930815,-0.07007276236,0.177224644,0.3583737326,285.5616265,1567.344155,288.3189371,0.0,0.415,-5.97
0.1034030169,-0.4339651763,0.6655937433,13.58074562,-0.08396608041,0.195770295,0.3750009731,285.5501411,1568.604827,288.3768959,0.0,0.441,-6.05
0.1467925012,-0.4045549035,0.7329856157,13.44522045,-0.08775765463,0.2835683938,0.04299670898,286.4129132,1601.531052,289.878441,0.0,0.31,-5.1
0.1470066458,-0.404487282,0.722584188,13.46172367,-0.1227843259,0.3067157451,0.1354944376,286.4345286,1600.531739,289.8332113,0.0,0.367,-5.34
0.168640703,-0.4000038207,0.7813717723,13.53739898,-0.1621113909,0.2090584219,-0.3429452485,286.4954017,1591.516884,289.4242314,0.0,0.443,-5.65
0.1749225408,-0.3996602893,0.7828605175,13.55269758,-0.2001271564,0.1862515008,-0.2578336733,286.558666,1587.892141,289.2592967,0.0,0.385,-5.45
0.1845433265,-0.3997409046,0.7850051522,13.59125202,-0.1703323798,0.1849855998,-0.1587636901,286.6061335,1594.448297,289.557412,0.0,0.307,-5.08
0.1680094153,-0.399861604,0.7547889352,13.45789311,0.002846749979,0.2708297312,-0.4368742523,286.5092174,1605.378798,290.0523956,0.0,0.524,-5.81
0.1693840176,-0.3997406363,0.7689571381,13.47060477,-0.07503292925,0.287654041,-0.3980874311,286.5805185,1598.117601,289.723858,0.0,0.506,-5.78
0.07828532904,-0.5446329117,0.748038888,13.61495796,-0.005179536662,0.08780103787,0.2547905095,286.2220785,1568.356987,288.3655044,-9.713416085,0.279,-5.22
0.07828533649,-0.5381323695,0.7615172863,13.61078039,-0.01899268993,0.08132293106,0.3172686953,286.0104222,1572.394288,288.5509048,0.0,0.338,-5.51
0.07828533649,-0.5564046502,0.7606378198,13.61331772,-0.0419407875,0.03602266636,0.3084154682,286.1924654,1570.546653,288.4661023,0.0,0.323,-5.41
0.07828532904,-0.5656237006,0.7490223646,13.60547632,-0.09947178366,0.008583106773,0.3203266859,286.3253566,1567.118085,288.3085399,-8.711791625,0.345,-5.49
0.07841776311,-0.4969390929,0.6846455932,13.60819502,-0.005514767214,0.102471311,0.3179516491,285.7934407,1572.643191,288.5623232,-11.91215993,0.344,-5.59
0.07828533649,-0.5178790092,0.6986964345,13.61098324,-0.005855693475,0.0974922826,0.2766634479,285.9283702,1567.162732,288.3105933,-9.919432094,0.303,-5.41
0.07828532904,-0.5460283756,0.718179822,13.61628791,-0.009244811234,0.07586593009,0.2464780014,286.1335904,1564.186314,288.173603,-8.01865848,0.268,-5.21
0.07828533649,-0.5313645005,0.7053655386,13.6118592,-0.03678182479,0.09294374406,0.3041167186,285.843114,1566.314101,288.2715548,0.0,0.33,-5.56
0.07828532904,-0.5296366215,0.7272902131,13.60431082,-0.04033268048,0.09193634071,0.3388744577,285.858509,1570.843863,288.4797486,0.0,0.363,-5.66
0.07828533649,-0.5513317585,0.7371794581,13.61007731,-0.07082613501,0.04825632542,0.3169529327,286.0726435,1567.028959,288.3044406,0.0,0.338,-5.53
0.09634461999,-0.442643553,0.6589362621,13.59496306,-0.04673511233,0.1663910383,0.3601286225,285.5004646,1570.396819,288.459222,0.0,0.409,-5.94
0.08052735776,-0.4816589355,0.6793439388,13.60562496,-0.02322908946,0.1286393431,0.3415903182,285.5936401,1571.763772,288.5219738,0.0,0.375,-5.78
0.07829461992,-0.5088104606,0.6887102127,13.6105042,-0.03142748973,0.1072685722,0.3133344039,285.7102812,1567.053548,288.3055716,0.0,0.342,-5.64
0.09395449609,-0.4489426017,0.6524024606,13.60413648,-0.0684331826,0.1591616573,0.3486812628,285.5277348,1559.541188,287.9594188,0.0,0.399,-5.96
0.0832016021,-0.4740053713,0.6575978398,13.60970646,-0.02800998181,0.1264963122,0.3431283125,285.5473215,1568.678474,288.3802808,0.0,0.376,-5.81
0.1124683022,-0.4248102605,0.6586381793,13.57890135,-0.119571427,0.1797409407,0.3875140782,285.5782811,1562.112007,288.0780169,0.0,0.453,-6.12
0.3032988906,-0.3995995522,0.7410025597,13.47507349,-0.05907248293,0.2107077602,-0.2027410663,287.0865192,1607.069927,290.1287518,0.0,0.308,-4.88
0.3008065522,-0.3994871974,0.7767809033,13.48891127,0.1742579906,0.1159994043,-0.1085115972,287.8421363,1581.094057,288.9492041,0.0,0.245,-4.57
0.2949082255,-0.3993860781,0.7791717052,13.49427974,0.2721957063,0.1039052024,-0.0543566899,287.343819,1591.501379,289.4235265,0.0,0.306,-4.9
0.2858325839,-0.3994054198,0.7801787853,13.51210867,0.267619481,0.09607499753,-0.02383150414,287.2298536,1616.798952,290.5668604,0.0,0.295,-4.73
0.3169046938,-0.4016534686,0.7020022273,13.41150724,0.07192473881,0.3226346516,0.168145372,286.6206455,1647.067889,291.9173791,0.0,0.38,-5.05
0.3084071577,-0.4001731575,0.6969844103,13.39444659,0.0391597203,0.3286786395,-0.07123105156,287.0854045,1657.485099,292.3778608,0.0,0.348,-4.74
0.3022361398,-0.3995226026,0.7133527398,13.42622489,-0.01537197001,0.2427971786,-0.2576698025,286.9074525,1644.052324,291.7836716,0.0,0.364,-4.93
0.2996954918,-0.3993923962,0.7024450302,13.40127672,-0.005873767422,0.2770668499,-0.2825037618,287.2904234,1657.286843,292.3691174,0.0,0.405,-4.9
0.300381422,-0.3994491696,0.6902406812,13.39545425,0.005880776648,0.3027007916,-0.193420276,287.7332769,1662.686018,292.60695,0.0,0.369,-4.61
0.3261315525,-0.4041277766,0.7135562897,13.43467562,0.08643159947,0.314912878,0.3556061628,286.0749634,1636.44131,291.4453862,0.0,0.492,-5.67
0.3251254261,-0.4038092494,0.7046595812,13.42415971,0.1287071968,0.3250933705,0.456036493,285.9373456,1638.541111,291.5388334,0.0,0.584,-5.97
0.3152814507,-0.4012952447,0.6924205422,13.37641537,0.1595210454,0.3815144857,0.2381235505,286.5564272,1654.174421,292.2317517,0.0,0.487,-5.4
0.2996372283,-0.3993895054,0.7178912759,13.42307887,-0.01413357699,0.2590042608,-0.297128432,287.0441058,1640.885877,291.6430761,0.0,0.404,-5.06
0.3029413819,-0.3995728195,0.7262117267,13.45436811,-0.04360678338,0.2160033656,-0.2452475654,286.8327637,1625.851462,290.9727325,0.0,0.339,-4.96
0.3060958683,-0.3998946846,0.6849827766,13.36150732,0.1211988832,0.3756431337,0.006956556888,287.3443241,1663.949291,292.6625133,0.0,0.404,-4.84
0.3001762927,-0.3994458616,0.6787465215,13.35858949,0.05265108552,0.310766719,-0.04539177386,288.6939992,1667.535464,292.8200738,0.0,0.328,-4.16
0.19768323,-0.3999133408,0.7868872285,13.61835892,-0.04998671499,0.1429733575,-0.1009113618,286.6764071,1601.762478,289.8889125,0.0,0.192,-4.41
0.2163108289,-0.399697274,0.784691155,13.61756649,0.01845431821,0.1513297186,-0.05481891119,286.7598186,1611.826355,290.3431867,0.0,0.172,-4.19
0.3359507024,-0.407848835,0.7235284448,13.46662759,0.07776741468,0.2896419534,0.4371770449,285.752305,1629.895507,291.153501,0.0,0.54,-5.95
0.3471943736,-0.4136273265,0.7335284948,13.49845145,0.0876590943,0.2258994433,0.4645629155,285.6290904,1623.792408,290.8805634,0.0,0.534,-6.01
0.303183049,-0.3995906711,0.7553497553,13.48674209,-0.05069598333,0.1914509139,-0.1330444449,287.7391296,1599.083698,289.7676342,0.0,0.248,-4.49
0.2999823093,-0.3994061053,0.7663929462,13.47063738,0.01975488493,0.1933956375,-0.04430879653,289.6006502,1599.053937,289.766286,0.0,0.209,-3.86
0.2242305279,-0.3998302221,0.786231339,13.60747866,0.1101512126,0.0869871947,-0.05074248494,286.8036893,1615.899223,290.5264277,0.0,0.159,-4.07
0.243667081,-0.3994849026,0.7817628384,13.59051855,0.1400775463,0.1049835696,-0.03066495728,286.9633794,1618.914128,290.6618473,0.0,0.187,-4.2
0.2723416388,-0.3994450271,0.7810355425,13.54220192,0.2293781804,0.07923061552,-0.01614493665,287.1274128,1622.854634,290.8385569,0.0,0.253,-4.51
0.2574654818,-0.3993672729,0.7791002393,13.57131266,0.1634194277,0.1129369694,-0.0114976711,287.4764148,1620.006296,290.7108572,0.0,0.209,-4.21
0.229633972,-0.3994859457,0.7817795873,13.60608392,0.06287470867,0.1628019648,-0.03235375292,286.9148279,1616.734102,290.5639466,0.0,0.187,-4.23
0.1594714224,-0.4011529386,0.7135639191,13.46905546,-0.09282366912,0.3195965778,-0.1273064771,286.6039594,1604.505258,290.0129308,0.0,0.366,-5.26
0.1538274437,-0.4024410248,0.7144072056,13.48734871,-0.08941563777,0.297173034,-0.08323245034,286.6653619,1602.168546,289.9072834,0.0,0.331,-5.12
0.1633372009,-0.4005745947,0.7075145245,13.49491799,-0.04462289105,0.2949646281,-0.216860628,286.8925776,1607.380563,290.1427708,0.0,0.378,-5.21
0.1719073653,-0.399527967,0.7188833952,13.48078813,0.003183346224,0.2548493565,-0.2819475378,287.4036082,1615.434937,290.5055567,0.0,0.39,-5.06
0.1459385008,-0.4048517346,0.7135105133,13.48316836,-0.1638972802,0.3116206855,0.2321806852,286.388601,1597.500299,289.6958762,0.0,0.431,-5.6
0.1711504608,-0.3995823562,0.7364053726,13.46157808,0.0009709093064,0.2614712291,-0.3389513244,286.9558287,1614.058131,290.4436387,0.0,0.438,-5.36
0.1591970772,-0.4011825621,0.7008237243,13.48479632,-0.1105229139,0.3341523811,-0.02913187452,286.760961,1601.725453,289.8872373,0.0,0.363,-5.23
0.173469469,-0.3994650841,0.6941483021,13.50341807,0.0106995922,0.2876647061,-0.1784354258,287.8233126,1606.603803,290.1077119,0.0,0.348,-4.85
0.1647135019,-0.4003757536,0.6975486875,13.49683219,-0.03896897719,0.3139944269,-0.1619051106,287.1895012,1606.365383,290.0969483,0.0,0.365,-5.09
0.1743884534,-0.3993983269,0.7063660622,13.48357399,-0.003573186019,0.2603213627,-0.2077694309,288.3701671,1617.607482,290.6031803,0.0,0.343,-4.61
0.3959373534,-0.5650421977,0.6955716014,13.53671631,-0.08994546573,0.03050219011,0.4077826957,286.5196909,1574.096411,288.6289624,-9.832965846,0.428,-5.69
0.3959373832,-0.5560947061,0.6843178868,13.54158425,-0.06857398331,0.06497904069,0.4412273849,286.3050187,1574.322229,288.6393135,0.0,0.461,-5.86
0.3959373534,-0.5486683846,0.6946302652,13.53257403,0.006598558813,0.08390166008,0.4760670749,286.0820624,1576.724774,288.7493724,0.0,0.493,-6.02
0.3959373534,-0.5368868709,0.6946169138,13.53282165,0.046072364,0.09996739033,0.510149291,285.7239256,1581.216715,288.954808,0.0,0.531,-6.21
0.3959373832,-0.5259588361,0.701818645,13.51817479,0.05729580872,0.09733941767,0.5354613612,285.6563328,1586.527623,289.1971345,0.0,0.557,-6.28
0.3959373832,-0.5300129056,0.6917260885,13.52863752,0.03779860147,0.09377114412,0.5259497692,285.6555985,1584.113437,289.0870554,0.0,0.545,-6.26
0.3959373832,-0.5378528237,0.6860796809,13.53944051,0.0183910996,0.09203696743,0.4932310115,285.7968579,1580.375914,288.9163879,0.0,0.512,-6.14
0.3959373534,-0.5447669625,0.6869128346,13.54096657,0.01187687426,0.0914795188,0.4785603163,285.916714,1577.627097,288.7906746,0.0,0.497,-6.07
0.3959373534,-0.5453783274,0.6786490083,13.53917729,-0.02399141823,0.07723607563,0.4773513346,285.9945938,1579.322443,288.8682283,0.0,0.494,-6.03
0.3419420123,-0.410577476,0.6825272441,13.45624356,0.08062734352,0.2038979513,0.543877254,285.6462017,1610.172294,290.2686703,0.0,0.596,-6.26
0.3419550061,-0.4105829298,0.6725052595,13.46896547,0.09002150623,0.146974621,0.5339859665,285.6898816,1603.782642,289.9802722,0.0,0.571,-6.21
0.3418209553,-0.4107096791,0.6625291109,13.49896089,0.08569330465,0.09084165429,0.4992813469,285.7116233,1593.877532,289.5314952,0.0,0.524,-6.12
0.3959373534,-0.5150254965,0.7005299926,13.5158597,0.04853518997,0.09776220565,0.557088902,285.5515282,1588.796503,289.3004738,0.0,0.577,-6.36
0.3957799971,-0.4963463247,0.6935437322,13.51670009,0.0201605441,0.1017078555,0.5691541723,285.4898462,1590.440584,289.3752865,0.0,0.588,-6.4
0.3959373832,-0.5061040521,0.6932430863,13.51986118,0.02716621835,0.09769893429,0.5620238878,285.513546,1588.996926,289.309597,0.0,0.581,-6.38
0.3949690461,-0.4863995612,0.6935284734,13.51411131,0.01396156128,0.1047224286,0.5703077542,285.475442,1592.087191,289.4501561,0.0,0.59,-6.4
0.3958114684,-0.4974190593,0.6845270395,13.52969665,0.002894239958,0.09936343213,0.5548562139,285.4859923,1591.301933,289.4144585,0.0,0.573,-6.35
0.3897025287,-0.4649164081,0.6935284734,13.51517428,0.02240876729,0.1099922869,0.5469970945,285.4734845,1589.708854,289.3419968,0.0,0.568,-6.35
0.3949690461,-0.4863995612,0.6735284925,13.54308437,-0.01624401546,0.09665208326,0.5326634964,285.4704948,1594.419653,289.5561115,0.0,0.551,-6.28
0.3949690461,-0.4863995612,0.6835284829,13.52756244,-0.002769295003,0.1008813321,0.5540109782,285.4727721,1592.691787,289.4776319,0.0,0.573,-6.35
0.3914542496,-0.4699164033,0.6735284925,13.53632292,-0.02722833434,0.09754306593,0.5202210397,285.4557093,1596.89858,289.6685929,0.0,0.54,-6.23
0.3931366503,-0.4763995707,0.6735284925,13.54006351,-0.02199616283,0.09717187202,0.5269898052,285.4616231,1595.495181,289.6049297,0.0,0.546,-6.26
0.3791798651,-0.4441152215,0.7035284638,13.50269118,0.04475844658,0.1289193512,0.5385956719,285.4960844,1595.524638,289.6062664,0.0,0.565,-6.3
0.3701197207,-0.4323277771,0.7135285139,13.49603386,0.06456050948,0.151576173,0.5309629656,285.5269747,1605.127611,290.0410491,0.0,0.566,-6.24
0.3597380519,-0.4223906994,0.7235284448,13.49340226,0.07992053507,0.1838230356,0.5136925681,285.5619832,1616.786119,290.5662838,0.0,0.561,-6.15
0.3421943784,-0.4107167423,0.7235285044,13.47696866,0.07676235347,0.2620628037,0.4834189451,285.615248,1629.459737,291.1340383,0.0,0.565,-6.07
0.3547380567,-0.4186273217,0.7135284543,13.48128786,0.06410828862,0.1984248644,0.5160291835,285.5682114,1618.95409,290.6636409,0.0,0.566,-6.15
0.3471943736,-0.4136273265,0.7235285044,13.48407412,0.08178270195,0.2249169736,0.495220686,285.6100545,1624.520629,290.9131706,0.0,0.56,-6.09
0.3651197255,-0.4273906946,0.7035284638,13.49091641,0.04925093605,0.1561445995,0.5265690763,285.531958,1604.478091,290.0117032,0.0,0.561,-6.23
0.3597380519,-0.4223906994,0.7135284543,13.48922498,0.07229667719,0.1766625662,0.5231323696,285.5591465,1611.946896,290.3486149,0.0,0.566,-6.19
0.3701197505,-0.4323278069,0.7035284638,13.49839074,0.05532307841,0.1422303038,0.5296014021,285.525191,1598.01353,289.7191411,0.0,0.561,-6.27
0.3547380567,-0.4186273217,0.7035284638,13.47827675,0.05637909262,0.1855620577,0.5224604631,285.5719326,1612.082686,290.3547294,0.0,0.567,-6.19
0.3959373534,-0.507401228,0.6824502349,13.53298397,0.00975931644,0.09557767693,0.5485570752,285.5080195,1589.927845,289.3519609,0.0,0.567,-6.34
0.3959373832,-0.5182985067,0.6848997474,13.53386947,0.01950024712,0.09306350264,0.5379441425,285.5542597,1587.854772,289.2575948,0.0,0.556,-6.3
0.3959373534,-0.523088336,0.6784008741,13.53951829,0.0009582601415,0.08128006819,0.5169905999,285.6503043,1587.168013,289.2263132,0.0,0.533,-6.21
0.3959373534,-0.528875649,0.6816933751,13.54101217,0.02184920397,0.09230050443,0.5112097157,285.649919,1583.833992,289.0743055,0.0,0.53,-6.22
0.3823173642,-0.4491152465,0.6835284829,13.51722375,0.0004531025047,0.1068601301,0.5221122325,285.4699093,1592.784605,289.4818493,0.0,0.543,-6.26
0.3913761973,-0.4701461792,0.6635284424,13.55307395,-0.03788540979,0.09001658056,0.492898862,285.4542669,1595.516343,289.60589,0.0,0.512,-6.16
0.3860692382,-0.4563995898,0.6835284829,13.52269525,0.004965280118,0.1048768897,0.5256341355,285.4694113,1589.877418,289.3496666,0.0,0.546,-6.29
0.3897025287,-0.4649164081,0.6835284829,13.52706643,0.008895209269,0.1028464437,0.5307688768,285.4708638,1587.994398,289.2639535,0.0,0.55,-6.31
0.3860692382,-0.4563995898,0.6735284925,13.53675644,-0.007074215809,0.09547357342,0.5036945322,285.4674145,1589.396192,289.3277689,0.0,0.522,-6.22
0.3791798651,-0.4441152215,0.6935284734,13.51019966,0.03315818759,0.1191201599,0.5291796996,285.4934787,1588.610329,289.2919984,0.0,0.553,-6.31
0.3741798699,-0.4373278022,0.6835284829,13.5140699,0.01727127413,0.1126011007,0.5131189102,285.4949793,1588.227514,289.2745688,0.0,0.535,-6.26
0.3823173642,-0.4491152465,0.6735284925,13.53148726,-0.01170204933,0.09536730136,0.4997855808,285.468267,1591.436593,289.420581,0.0,0.519,-6.2
0.3701197505,-0.4323278069,0.6935284734,13.50475644,0.04736676804,0.1301792428,0.5222351412,285.5236863,1589.522216,289.333504,0.0,0.55,-6.28
0.3651197255,-0.4273906946,0.6935284734,13.49572909,0.04092348503,0.141484414,0.521949532,285.5315639,1595.517293,289.6059331,0.0,0.552,-6.25
0.3421943784,-0.4107167423,0.7135284543,13.46394636,0.07347345587,0.2602453403,0.5114218943,285.6051476,1628.230199,291.0791026,0.0,0.588,-6.15
0.3547380567,-0.4186273217,0.6735284925,13.50262505,0.04774116634,0.1158296661,0.5012458022,285.5910866,1592.01514,289.4468812,0.0,0.526,-6.18
0.3547380567,-0.4186273217,0.6835284829,13.48774669,0.04907313264,0.1442167902,0.5176929527,285.5849708,1595.742442,289.6161494,0.0,0.549,-6.23
0.3211729825,-0.4025711119,0.6772267818,13.38172861,0.3304577328,0.2715862243,0.5166168966,285.8169862,1633.643968,291.3207567,0.0,0.68,-6.29
0.3129322827,-0.4008316696,0.6843070388,13.35862675,0.2685381256,0.3588377091,0.3937019626,286.3488736,1651.334206,292.1062304,0.0,0.606,-5.83
0.3087778986,-0.4002786577,0.6768335104,13.37638903,0.3108267775,0.2915874671,0.3609434485,286.5658964,1648.436023,291.9779804,0.0,0.568,-5.67
0.3255789876,-0.4039488137,0.6736357808,13.4464442,0.2182355552,0.2175816378,0.5402517606,285.6439095,1625.9232,290.9759421,0.0,0.632,-6.27
0.3360550702,-0.4078840017,0.6735524535,13.45981099,0.1473862488,0.1868014789,0.5363125953,285.6531329,1613.96672,290.4395264,0.0,0.596,-6.23
0.3349229395,-0.4073993266,0.6829468012,13.44277986,0.135614307,0.2453759642,0.5521314908,285.6243181,1621.185186,290.7637308,0.0,0.629,-6.29
0.3252932727,-0.4038507342,0.6831146479,13.42072627,0.2034281062,0.2845229248,0.5505329343,285.6951383,1634.449513,291.3566625,0.0,0.662,-6.28
0.3365898728,-0.4091956317,0.6531843543,13.528451,0.1273869918,0.06353684456,0.4355139042,285.7192174,1584.692615,289.1134755,0.0,0.468,-6.0
0.335949868,-0.4080007374,0.6635391712,13.49439459,0.1402381939,0.1201810744,0.4898540305,285.682208,1600.467899,289.8303211,0.0,0.533,-6.12
0.3415811062,-0.4110574424,0.656111896,13.5298513,0.083060153,0.03967976581,0.4478382706,285.7457266,1582.521915,289.0144183,0.0,0.467,-6.0
0.3260150254,-0.4042197764,0.6643040776,13.48451041,0.2191907568,0.1526583794,0.4863345438,285.6472058,1607.388458,290.1431271,0.0,0.564,-6.18
0.07828532904,-0.5657312274,0.7343840599,13.61827716,-0.02918386112,0.04134682935,0.2323849138,286.3940643,1564.392556,288.1831016,-6.624310812,0.247,-5.04
0.145950675,-0.4048494399,0.7035284638,13.49702794,-0.1904226629,0.306240903,0.3336566055,286.110071,1593.612436,289.5194557,0.0,0.501,-5.93
0.1359412372,-0.408903867,0.6935251355,13.50493967,-0.1814332138,0.262947195,0.4898393451,285.6648779,1584.776209,289.1172882,0.0,0.594,-6.39
0.1343614906,-0.4096315801,0.6836053729,13.51143407,-0.1806381806,0.2269787015,0.4853022271,285.6572469,1578.588368,288.8346557,0.0,0.575,-6.38
0.1290313452,-0.4123794436,0.6772320867,13.53538547,-0.1453055082,0.1792898108,0.4725080719,285.6540289,1572.131755,288.5388596,0.0,0.535,-6.3
0.1302983612,-0.411588639,0.6832063794,13.53229315,-0.1606231196,0.1987559725,0.4961368022,285.6569512,1576.736902,288.7499276,0.0,0.568,-6.37
0.1218606755,-0.4168646634,0.6754169464,13.55541835,-0.1260569997,0.1798744784,0.4579886661,285.6523538,1569.755506,288.4297674,0.0,0.518,-6.26
0.1132709831,-0.4234920144,0.6665167809,13.57714062,-0.1132900217,0.1857327651,0.3805831085,285.6553794,1566.613242,288.2853176,0.0,0.448,-6.06
0.1194475889,-0.4192881584,0.6590901613,13.57362394,-0.1322272494,0.150705899,0.4168077238,285.6296618,1563.462793,288.1402732,0.0,0.472,-6.16
0.1271351129,-0.4137293994,0.6672016978,13.55464384,-0.1418395294,0.1521971177,0.4506492225,285.6506813,1566.917489,288.2993133,0.0,0.506,-6.24
0.1052513793,-0.4348833859,0.6474834085,13.59520621,-0.09086053159,0.1770822897,0.3517228151,285.5316564,1558.622636,287.9170082,0.0,0.414,-6.02
0.1290990561,-0.4136091173,0.6529286504,13.57853225,-0.1527173286,0.1070930798,0.4042399222,285.6421874,1557.36939,287.8591142,0.0,0.455,-6.14
0.07889014482,-0.5011409521,0.6641861796,13.6192173,-0.02423832222,0.09792083723,0.3030380075,285.6258964,1566.508676,288.280507,0.0,0.329,-5.61
0.1713896692,-0.3996648192,0.779175818,13.52054986,-0.1914895842,0.2305690693,-0.3445891285,286.550126,1589.977707,289.3542295,0.0,0.466,-5.71
0.1768257618,-0.3994759023,0.7807400227,13.55512041,-0.2416637842,0.2067073117,-0.2158331293,286.6056213,1587.227034,289.229002,0.0,0.394,-5.47
0.1866969615,-0.399522692,0.7823206186,13.59857425,-0.1683445501,0.2124513933,-0.1125403353,286.6732898,1596.24656,289.6390202,0.0,0.303,-5.04
0.1710749418,-0.399587661,0.7530841827,13.45403381,0.007328406849,0.2647829971,-0.3755905264,286.7565192,1607.918038,290.1670222,0.0,0.469,-5.56
0.1721021831,-0.3995217383,0.766941905,13.4518776,-0.06515200673,0.2841031742,-0.3498496241,286.7910217,1598.369122,289.7352569,0.0,0.465,-5.59
0.07828533649,-0.5622604489,0.7168756127,13.61323299,-0.1213049921,0.02683660897,0.2852790765,286.1955756,1561.745444,288.0611154,-7.001337773,0.321,-5.45
0.07943893969,-0.4897589684,0.6566393971,13.61871419,-0.007186388352,0.08833615089,0.3059492453,285.7165131,1571.857107,288.526257,-12.2600866,0.328,-5.55
0.07831958681,-0.5179784298,0.671670258,13.62156729,-0.004465521171,0.07496318912,0.2670639884,285.8383212,1567.855753,288.3424618,-10.48355096,0.287,-5.36
0.07828533649,-0.5444601178,0.6890422106,13.62473042,-0.009777451183,0.05661707812,0.2159031767,286.0622343,1561.524104,288.0509084,-7.841868496,0.233,-5.06
0.07828579843,-0.5295565724,0.6817837358,13.62191573,-0.02964038111,0.07894664435,0.2639028777,285.806256,1563.077811,288.1225339,0.0,0.287,-5.39
0.07828532904,-0.5659381151,0.7010753155,13.62442267,-0.02591789859,0.03035451828,0.2035393145,286.3341398,1559.598274,287.9620539,-5.899065804,0.217,-4.92
0.07828532904,-0.5534180403,0.6989013553,13.62098857,-0.07267887103,0.05142139741,0.2681564798,286.0238559,1561.239061,288.0377622,0.0,0.292,-5.37
0.08971124142,-0.4635427892,0.6390522122,13.61162219,-0.03355147947,0.1289875584,0.3403600613,285.5032739,1558.917038,287.9306031,0.0,0.375,-5.88
0.1014157683,-0.4506722391,0.6276478171,13.61342158,-0.06598576813,0.1439352265,0.3407424502,285.5071959,1549.985199,287.5172883,0.0,0.385,-5.97
0.09246310592,-0.4685014784,0.6267161965,13.62105089,-0.04885523626,0.1256225741,0.335614392,285.5182221,1551.211256,287.5741289,0.0,0.371,-5.91
0.08405688405,-0.4854526222,0.6401703358,13.62107447,-0.02348103458,0.1027279529,0.323330303,285.5440952,1560.742896,288.0148747,0.0,0.35,-5.76
0.1148333028,-0.4258804023,0.6440683007,13.59653086,-0.1146311174,0.1646588532,0.3396454395,285.6278406,1558.920115,287.9307452,0.0,0.404,-5.96
0.1225718632,-0.4203162491,0.6420146823,13.59237463,-0.1500325546,0.1248368718,0.3656034058,285.6129599,1553.837816,287.695784,0.0,0.424,-6.06
0.3006941676,-0.3994379342,0.7400115132,13.47598639,-0.03964645585,0.2186836445,-0.1775555948,287.3498712,1607.939716,290.1680002,0.0,0.294,-4.75
0.2990182042,-0.3993868232,0.7752805948,13.48338949,0.1255830327,0.1181404628,-0.1067897014,288.4634492,1582.161098,288.997943,0.0,0.212,-4.25
0.2936547101,-0.3993387818,0.777777791,13.49507215,0.2738763157,0.1035431863,-0.0378548248,288.1916831,1600.316563,289.8234695,0.0,0.305,-4.62
0.2843903601,-0.3993456364,0.7783466578,13.51592395,0.2462850521,0.09443521937,-0.01152925125,288.1495809,1621.385795,290.7727253,0.0,0.274,-4.37
0.3192239702,-0.4021165669,0.6931660175,13.40651729,0.14219652,0.3252321508,0.3208479097,286.4411148,1647.263059,291.9260264,0.0,0.488,-5.48
0.3249486983,-0.4037650526,0.6945217848,13.41305267,0.1703163455,0.3205531118,0.5149999483,285.801775,1638.492999,291.5366933,0.0,0.64,-6.17
0.3181202412,-0.4018794298,0.6838040352,13.40299074,0.2192218198,0.3049697091,0.4356446608,286.1775799,1644.819348,291.8176982,0.0,0.585,-5.86
0.3002591431,-0.3994165063,0.7141110897,13.4265193,-0.01399232132,0.240825086,-0.2656996836,287.0876116,1643.746336,291.7700941,0.0,0.368,-4.9
0.2982389331,-0.3993466496,0.7023945451,13.40144642,0.003354552477,0.2601615125,-0.2629057753,288.0179372,1657.198902,292.3652388,0.0,0.379,-4.6
0.2978587151,-0.3993377686,0.6906219721,13.39950067,0.02429653048,0.2621232079,-0.239383355,288.7271423,1664.372122,292.6811038,0.0,0.365,-4.31
0.2975387275,-0.3993307948,0.6845469475,13.40274317,0.007781832326,0.2409793595,-0.2121071841,289.2153856,1664.611667,292.6916343,0.0,0.331,-4.05
0.3359506726,-0.407848835,0.7135284543,13.45176934,0.09203191329,0.2976380561,0.4930005647,285.6989245,1631.971952,291.2461872,0.0,0.593,-6.11
0.3359507024,-0.407848835,0.7035284638,13.44316327,0.1059277115,0.2958842469,0.5287813657,285.6506436,1630.828463,291.1951563,0.0,0.625,-6.22
0.2983373404,-0.3993503153,0.7176519632,13.42453667,-0.006522292562,0.2477326313,-0.2663194462,287.6634522,1640.124405,291.6092352,0.0,0.373,-4.78
0.3004647195,-0.3994264007,0.7241048813,13.45602865,-0.0294713458,0.21762234,-0.2368539759,287.0457005,1626.174903,290.9872027,0.0,0.333,-4.88
0.2964315116,-0.3993201554,0.6785444617,13.36462447,-0.03216976474,0.1629521273,-0.06187232124,291.7818825,1671.62263,292.9993362,3.534138353,0.187,-2.77
0.3078428209,-0.4002070725,0.6669539213,13.44615061,0.4188729446,0.1843179241,0.3384873068,286.2139304,1621.784384,290.790594,0.0,0.579,-5.96
0.2983887494,-0.3994343579,0.6682206988,13.40829717,0.3919523873,0.2047981331,0.2292854832,286.7784425,1629.577841,291.1393136,3.592239296,0.508,-5.54
0.199516803,-0.3996141851,0.7836937904,13.62265286,-0.03875303167,0.1623038478,-0.06489203448,286.7484932,1604.147182,289.996749,0.0,0.189,-4.36
0.2152547538,-0.399469465,0.7814914584,13.61916892,0.02404525378,0.1810330302,-0.03310048548,286.9225787,1613.152582,290.4028926,0.0,0.195,-4.3
0.3006173074,-0.3994340897,0.7538858056,13.4865864,-0.03589757618,0.2020293793,-0.09380691162,288.1738772,1601.34545,289.8700421,0.0,0.235,-4.31
0.2981250584,-0.3993454278,0.7650185227,13.47059848,0.002511722812,0.1725594458,0.03067098607,290.7759272,1604.299986,290.0036547,0.0,0.185,-3.44
0.2434297353,-0.399371475,0.7792251706,13.59259384,0.1313803646,0.1214289178,-0.01368381971,287.428756,1618.911094,290.6617111,0.0,0.189,-4.11
0.2711150348,-0.3993585706,0.7788254023,13.54572925,0.2136418182,0.08374622079,-0.003545783375,287.8433036,1623.014616,290.8457244,0.0,0.239,-4.27
0.2567758858,-0.3993259966,0.777071476,13.57308894,0.1291482126,0.06367007515,-0.001998883847,289.4173916,1619.842454,290.7035065,9.017797827,0.154,-3.46
0.2299915403,-0.3993717432,0.7792321444,13.60769435,0.06279889098,0.1755609852,-0.01471130285,287.3462475,1616.940445,290.5732173,0.0,0.197,-4.19
0.1595015079,-0.4011265337,0.6908572912,13.48862831,-0.1559614435,0.3408194001,0.117859195,286.5342667,1597.307482,289.6871343,0.0,0.403,-5.46
0.1554812044,-0.4020258486,0.7046060562,13.50494013,-0.10116152,0.2989172934,0.04167841155,286.7515233,1598.587264,289.745142,0.0,0.328,-5.11
0.1739276052,-0.3994187713,0.718514502,13.48279787,-0.0007849786794,0.2452914586,-0.2208844186,288.1913033,1616.566729,290.5564262,0.0,0.34,-4.66
0.17366983,-0.3994308412,0.7356185317,13.46389944,0.005501815048,0.2414494542,-0.2384066088,287.8285035,1616.001435,290.5310218,0.0,0.349,-4.79
0.1560147107,-0.4019257128,0.6945021749,13.51085103,-0.146023556,0.2929083015,0.1944412832,286.4264423,1593.948146,289.534702,0.0,0.39,-5.47
0.1752549708,-0.3993904889,0.6803923845,13.47778723,-0.008002728433,0.3087606073,-0.0914567437,288.2275768,1607.327375,290.1403705,0.0,0.332,-4.67
0.1650989503,-0.40035519,0.6861334443,13.49952591,-0.07024304622,0.3058816607,0.01688543561,287.0857803,1599.350934,289.7797398,0.0,0.324,-5.0
0.1764761955,-0.3993361592,0.6930470467,13.5031468,-0.003685582495,0.2317482425,-0.1086871788,289.1875165,1607.93944,290.1679877,0.0,0.266,-4.16
0.1760907769,-0.3993448913,0.7062504292,13.48429741,-0.002939800292,0.2235705901,-0.1160010256,289.6727443,1617.957682,290.6189074,0.0,0.261,-3.95
0.3959373534,-0.5663596392,0.6764382124,13.5617598,-0.1083898233,0.034389902,0.361077591,286.5529598,1573.967608,288.6230579,-9.935016783,0.388,-5.55
0.39582479,-0.559464097,0.6661581993,13.57499917,-0.1359198335,0.05354734798,0.3597311328,286.4493488,1575.607114,288.6981888,0.0,0.398,-5.6
0.3959210217,-0.5490554571,0.670579195,13.56560461,-0.03779990395,0.07878626936,0.4245343244,286.0934454,1576.626801,288.7448867,0.0,0.443,-5.85
0.3959373534,-0.5376027226,0.6743919253,13.55247752,-0.0004779323086,0.08855279151,0.4780328283,285.7721962,1582.571408,289.0166779,0.0,0.496,-6.09
0.3421943784,-0.4107167423,0.6935284734,13.4539908,0.07278778599,0.2355595573,0.5397899288,285.619366,1617.191952,290.584516,0.0,0.603,-6.25
0.3471943736,-0.4136273265,0.6835284829,13.48044201,0.07916352089,0.158274516,0.5206090233,285.6111309,1602.670951,289.9300079,0.0,0.559,-6.21
0.3471943736,-0.4136273265,0.6735284925,13.49659194,0.07795683709,0.1259822643,0.5016760224,285.6225764,1598.823988,289.755868,0.0,0.533,-6.15
0.3546147346,-0.4187176824,0.663528502,13.52282805,0.04551966558,0.08097725115,0.4731175887,285.5945414,1589.709034,289.342005,0.0,0.492,-6.09
0.3470422328,-0.4137176871,0.663528502,13.51954123,0.07563915369,0.08843367092,0.471588186,285.6303729,1594.626834,289.5655173,0.0,0.495,-6.06
0.3957799971,-0.4963995814,0.6735284925,13.54591223,-0.01035497698,0.09603158491,0.5353630835,285.4822889,1593.477634,289.5133329,0.0,0.554,-6.29
0.3956291378,-0.4963995516,0.663528502,13.56224265,-0.01950623727,0.09192185298,0.5122731936,285.4793798,1594.111375,289.5421142,0.0,0.53,-6.21
0.3959373534,-0.5062571764,0.6735610366,13.5483316,-0.00277266712,0.09371910743,0.5320174258,285.4997259,1592.287994,289.4592825,0.0,0.55,-6.28
0.3958168626,-0.5073852539,0.6645441651,13.56439976,-0.01346980806,0.09129836266,0.5109968375,285.4971137,1593.324669,289.5063848,0.0,0.529,-6.21
0.3959373832,-0.5154553056,0.6737625003,13.55036893,0.002961075842,0.09213602682,0.5205835657,285.5347748,1590.396146,289.3732652,0.0,0.538,-6.24
0.3958168626,-0.517449677,0.6644842029,13.56692525,-0.007501738804,0.08987895828,0.5009186028,285.5251284,1591.242609,289.4117611,0.0,0.519,-6.18
0.3957907557,-0.5263917446,0.6635397077,13.56842624,-0.001449772265,0.08800286082,0.4824565066,285.5911757,1587.76667,289.2535823,0.0,0.5,-6.12
0.3959373832,-0.5265074372,0.6720279455,13.55408189,0.00709728542,0.08869321968,0.5002337268,285.6125957,1586.785141,289.2088691,0.0,0.518,-6.18
0.3948170245,-0.4863995612,0.6635284424,13.55961316,-0.02583682101,0.09166848255,0.5081322678,285.4678205,1594.472289,289.5585012,0.0,0.527,-6.21
0.3897025287,-0.4649164081,0.6735284925,13.54098401,-0.002868374065,0.09520670428,0.5095975311,285.4686073,1588.379172,289.2814742,0.0,0.528,-6.24
0.3929821253,-0.4763995707,0.6635284424,13.55659022,-0.03215625306,0.09117726867,0.5008682287,285.4595793,1594.807287,289.5737091,0.0,0.52,-6.18
0.3471943736,-0.4136273265,0.7135284543,13.47497265,0.08104793322,0.2190427504,0.516261611,285.5982385,1621.235325,290.7659789,0.0,0.576,-6.16
0.3597380519,-0.4223906994,0.7035284638,13.48914593,0.06675595566,0.1655956127,0.5253272608,285.5593243,1604.875949,290.0296799,0.0,0.564,-6.23
0.3547380567,-0.4186273217,0.6935284734,13.47974736,0.05156785935,0.1674571061,0.523677726,285.5780543,1603.301713,289.9585305,0.0,0.562,-6.22
0.3471944034,-0.4136273265,0.7035284638,13.47059456,0.08075464742,0.2062095566,0.5267742561,285.5947494,1616.053867,290.5333784,0.0,0.581,-6.2
0.395803839,-0.5363499522,0.6637481451,13.57011814,-0.008168429313,0.08652322068,0.4555938875,285.7346018,1583.2827,289.0491474,0.0,0.473,-6.02
0.3791798651,-0.4441152215,0.6835284829,13.52090637,0.02264037708,0.107788548,0.5139197183,285.4911218,1584.477946,289.1036839,0.0,0.535,-6.28
0.3911823332,-0.4707171619,0.6567835212,13.56995948,-0.04405546327,0.08246856374,0.4636865983,285.4531654,1590.37031,289.3720899,0.0,0.483,-6.09
0.3896208704,-0.465146184,0.6635284424,13.55601357,-0.01185178615,0.08732948277,0.4848132292,285.4668853,1587.866991,289.2581513,0.0,0.502,-6.17
0.3859022856,-0.4563995898,0.663528502,13.55218057,-0.01625460276,0.08590993409,0.4777519958,285.4660161,1588.166509,289.271791,0.0,0.495,-6.14
0.3741798699,-0.4373278022,0.6735284925,13.52767798,0.008245470481,0.09734703993,0.4922662289,285.4933177,1586.22239,289.1832239,0.0,0.511,-6.2
0.3822321296,-0.4492576122,0.663528502,13.54750286,-0.02085049926,0.08388281821,0.4727662551,285.4672245,1589.534163,289.3340476,0.0,0.49,-6.12
0.3651197255,-0.4273906946,0.6835284829,13.50484531,0.03396110667,0.1228014994,0.5107675193,285.5312181,1588.679378,289.2951418,0.0,0.536,-6.25
0.3701197207,-0.4323277771,0.6835284829,13.51489763,0.04024400005,0.1156761718,0.5085025459,285.5221533,1583.729521,289.0695385,0.0,0.533,-6.27
0.3791798651,-0.4441152215,0.6735284925,13.53424575,0.01327605325,0.09555748197,0.4929553704,285.489017,1583.49931,289.0590331,0.0,0.512,-6.22
0.3597380519,-0.4223906994,0.6935284734,13.49374538,0.06279842211,0.1501556442,0.5205940591,285.5609937,1596.374993,289.644846,0.0,0.555,-6.25
0.3651197255,-0.4273906946,0.6735284925,13.51837749,0.02818240304,0.1016460095,0.4919668152,285.5307445,1586.088002,289.1770986,0.0,0.513,-6.19
0.3421943784,-0.4107167423,0.7035285234,13.4560799,0.07155942347,0.2517329844,0.5294588231,285.60607,1623.810954,290.8813939,0.0,0.6,-6.21
0.3644610047,-0.4280242324,0.6535284519,13.55474018,0.01836693476,0.05975904074,0.4320767432,285.5291776,1581.953591,288.9884667,0.0,0.446,-6.0
0.3539632559,-0.4191948473,0.6535284519,13.54693229,0.04264691821,0.05274247566,0.434527762,285.5957244,1583.377584,289.0534778,0.0,0.449,-5.98
0.3524760008,-0.420283556,0.6435284615,13.57026205,0.03817102874,0.03106526007,0.390761017,285.5941492,1574.338326,288.6400513,0.0,0.403,-5.87
0.3650149107,-0.4274915159,0.6635284424,13.53563474,0.02309660241,0.07949742419,0.4651750038,285.530066,1585.591424,289.1544618,0.0,0.482,-6.1
0.3740869462,-0.4374448657,0.6635284424,13.54356867,0.001098739786,0.0817759745,0.4656134661,285.4921305,1585.173958,289.1354272,0.0,0.482,-6.11
0.3597380519,-0.4223906994,0.6735284925,13.51700357,0.05540676744,0.1061190596,0.489259559,285.564275,1587.499431,289.2414104,0.0,0.513,-6.17
0.3597380519,-0.4223906994,0.6835284829,13.50297367,0.05921652232,0.1296761124,0.5086563393,285.5630466,1589.632329,289.3385147,0.0,0.538,-6.24
0.3164401948,-0.4018107653,0.6600463986,13.46929796,0.37427854,0.1410249904,0.3956111961,285.794351,1598.5405,289.743023,0.0,0.572,-6.21
0.316972822,-0.4016157687,0.6734041572,13.42798968,0.28787058,0.2356336658,0.4883087291,285.8414409,1635.811012,291.4173187,0.0,0.623,-6.13
0.3173936009,-0.4017942548,0.6662222743,13.48476883,0.3041681966,0.1748178598,0.4491271524,285.6890534,1612.37765,290.3680101,0.0,0.58,-6.19
0.3359506726,-0.407848835,0.6935284734,13.44029561,0.1185147639,0.2802456602,0.5473750217,285.6228861,1627.200306,291.0330632,0.0,0.636,-6.28
0.3406616449,-0.4115358293,0.6494486332,13.54466607,0.1044336003,0.06902251844,0.4224120876,285.6572057,1589.479629,289.331566,0.0,0.45,-5.93
0.3248077035,-0.4047010839,0.6534462571,13.52913387,0.1876703403,0.08639182488,0.4091204307,285.6859412,1585.705486,289.1596618,0.0,0.468,-6.0
0.3335297406,-0.4100056291,0.6424819827,13.56357841,0.1131071372,0.02156382323,0.3715367498,285.7474305,1570.668407,288.4716928,0.0,0.399,-5.83
0.3260880113,-0.4070456028,0.6433925629,13.56580961,0.1596805544,0.04163887681,0.3438481309,285.7239247,1569.48416,288.4173022,0.0,0.391,-5.82
0.3207299411,-0.4040387869,0.6487636566,13.54522297,0.2880541795,0.05286580533,0.2946252079,285.7831429,1565.986701,288.2564896,0.0,0.425,-5.95
0.347617358,-0.4152628183,0.6518618464,13.54585013,0.07087129976,0.05709362663,0.4308104744,285.6343195,1586.152879,289.1800556,0.0,0.45,-5.96
0.3442840278,-0.4131414592,0.6527819633,13.54585013,0.07087129976,0.05709362663,0.4308104744,285.6343195,1586.152879,289.1800556,0.0,0.45,-5.96
0.3449102938,-0.413005203,0.6561152935,13.54585013,0.07087129976,0.05709362663,0.4308104744,285.6343195,1586.152879,289.1800556,0.0,0.45,-5.96
0.3168110847,-0.4026955664,0.6524160504,13.53625481,0.2541375067,0.1156882425,0.3675550421,285.6713791,1586.919008,289.2149686,0.0,0.471,-6.01
0.3051949143,-0.4006752372,0.654782176,13.52285812,0.3888344674,0.1323183584,0.2530930923,285.8597317,1584.714083,289.1144547,0.0,0.492,-6.03
0.145950675,-0.4048494399,0.6935284734,13.50078373,-0.2137110193,0.2908663156,0.4104186551,285.8325406,1588.810597,289.3011154,0.0,0.556,-6.21
0.1457354426,-0.4049081802,0.6820759177,13.50562905,-0.2222761018,0.2603546364,0.4467865823,285.7134476,1582.24005,289.0015482,0.0,0.572,-6.33
0.1357172281,-0.4089714587,0.6740607023,13.52196465,-0.1902374616,0.1783148509,0.4738377221,285.6528726,1572.276083,288.5454816,0.0,0.55,-6.34
0.1308698058,-0.4112782478,0.6731365323,13.54337514,-0.1533897523,0.1669882661,0.4789006477,285.6581895,1571.542758,288.5118306,0.0,0.539,-6.31
0.130436942,-0.4118271768,0.6596107483,13.55707554,-0.1514677027,0.1338567416,0.4535180848,285.6613342,1566.877356,288.2974673,0.0,0.506,-6.24
0.1315430105,-0.4115444422,0.6566693783,13.57456145,-0.1488456783,0.1054415497,0.4275684791,285.6576535,1561.519477,288.050695,0.0,0.474,-6.17
0.1357291937,-0.4091549218,0.6633086205,13.539717,-0.1940448795,0.1240132761,0.4447497198,285.6625415,1565.341774,288.2268065,0.0,0.51,-6.26
0.08834551275,-0.492092371,0.6238765121,13.62728776,-0.03720443051,0.1045939356,0.3150501877,285.546145,1552.445392,287.63131,0.0,0.344,-5.78
0.1088851243,-0.435959816,0.6337683797,13.60570374,-0.0928997245,0.1644126489,0.3345515117,285.5109089,1549.081348,287.4753638,0.0,0.394,-6.01
0.1365448385,-0.409637183,0.6532553434,13.56181064,-0.1877516042,0.08152994164,0.410558747,285.6678246,1558.484445,287.9106262,0.0,0.468,-6.17
0.1394451261,-0.4102283716,0.6435223222,13.58230392,-0.1825721459,0.05272308338,0.3702539462,285.6739793,1552.058535,287.6133894,0.0,0.426,-6.06
0.1326112896,-0.4137366712,0.6429293752,13.59146098,-0.1476834976,0.08555526557,0.3918371215,285.6474601,1554.819154,287.7411974,0.0,0.437,-6.09
0.1177125201,-0.4251855314,0.6375406384,13.60157503,-0.1368997278,0.1495075229,0.3327507694,285.5762834,1550.051483,287.5203621,0.0,0.399,-6.01
0.1290179193,-0.4194651842,0.6324576735,13.60403511,-0.1509057179,0.09475201266,0.3487774398,285.6174991,1549.700868,287.5041018,0.0,0.401,-6.0
0.08890042454,-0.5100582242,0.6216422915,13.63222881,-0.03440066459,0.08350079681,0.2797200678,285.6004473,1553.220551,287.6672079,0.0,0.304,-5.59
0.08390437812,-0.5073929429,0.6351903081,13.62832316,-0.01914148615,0.07814085967,0.2855182303,285.6074197,1560.002983,287.9807333,0.0,0.306,-5.55
0.07980962843,-0.5291484594,0.6543092728,13.62953952,-0.02627353016,0.0660134889,0.2496290306,285.7121184,1561.418361,288.0460317,0.0,0.269,-5.34
0.1735780537,-0.3994785249,0.777348578,13.50042122,-0.1950698295,0.2505501528,-0.3279941322,286.6212309,1587.709471,289.2509772,0.0,0.466,-5.71
0.178361401,-0.3993816674,0.7790501714,13.56506816,-0.2716296675,0.2375147181,-0.1689761944,286.6809827,1587.07428,289.2220429,0.0,0.408,-5.5
0.1884296983,-0.3994038999,0.7801132202,13.60530259,-0.1539399962,0.2456407965,-0.06739755802,286.799026,1598.296676,289.7319738,0.0,0.307,-5.01
0.1736259311,-0.3994329274,0.7516590953,13.45347064,0.006380379645,0.2370415009,-0.2442727119,287.5878044,1610.968283,290.3045372,0.0,0.35,-4.89
0.1743201166,-0.3994035423,0.7652961016,13.44070037,-0.03924912437,0.2491361773,-0.2522021069,287.4364533,1599.535059,289.7880797,0.0,0.366,-5.06
0.07828533649,-0.5638417602,0.6855355501,13.62519857,-0.1059655595,0.0285995557,0.2351444894,286.1189799,1558.057541,287.8909078,-6.568875262,0.269,-5.26
0.07905848324,-0.5477228165,0.6551517248,13.63215755,-0.007430864445,0.03897137995,0.2044656597,285.9332748,1561.960158,288.0710158,-8.131030422,0.218,-5.0
0.07837432623,-0.5656630993,0.6704571247,13.63167797,-0.01481252302,0.01688152357,0.166926892,286.2566194,1560.469526,288.0022622,-6.278796339,0.178,-4.69
0.07842243463,-0.5513174534,0.6718553305,13.63008172,-0.04640216656,0.0438503228,0.2196576548,285.928881,1559.410674,287.953394,0.0,0.238,-5.14
0.09136635065,-0.4803935587,0.6218998432,13.62251912,-0.02394796826,0.1041435,0.327645877,285.5015159,1550.276777,287.530809,0.0,0.354,-5.85
0.1114121601,-0.4419578612,0.6192453504,13.61836205,-0.08527104233,0.1481692211,0.299442959,285.6082292,1551.824977,287.6025686,0.0,0.354,-5.81
0.1070907116,-0.4552707672,0.6133419871,13.61962333,-0.05748769866,0.1342753561,0.3367885732,285.4875815,1543.75505,287.2279337,0.0,0.377,-5.99
0.1030040011,-0.4714412391,0.6086620092,13.62564754,-0.04150441209,0.1153877145,0.3370905122,285.498979,1544.669563,287.2704623,0.0,0.368,-5.94
0.09855119139,-0.4919166565,0.6081447601,13.63075693,-0.03068231705,0.09676819242,0.3215875697,285.5227415,1545.976972,287.3312295,0.0,0.347,-5.84
0.09004239738,-0.5011124611,0.6200806499,13.63027627,-0.01513433967,0.0781395824,0.3048932419,285.542571,1548.104278,287.4300224,0.0,0.325,-5.73
0.1187441424,-0.4294529855,0.6289054155,13.61221872,-0.1104097949,0.1488023813,0.3061799218,285.6013299,1551.024374,287.5654671,0.0,0.367,-5.87
0.2985297441,-0.399355948,0.7391821742,13.47699893,-0.01975143086,0.2184330518,-0.1342546453,287.89138,1608.425434,290.1899108,0.0,0.267,-4.48
0.2975851595,-0.3993388712,0.7740749121,13.46611708,0.1093422764,0.1080904732,-0.09365885859,289.2983162,1583.620062,289.0645436,0.0,0.19,-3.93
0.2926466465,-0.3993210196,0.7766529322,13.50025659,0.1911667576,0.060815482,-0.1158257631,289.9042931,1609.172076,290.223582,7.489091541,0.241,-3.87
0.283216536,-0.3993222713,0.7768342495,13.51854905,0.1515299862,0.04134090832,-0.0001584521889,290.3390574,1623.730566,290.8777938,11.24355721,0.167,-3.31
0.2983256876,-0.3993496001,0.7128423452,13.42811415,-0.006764749835,0.2274357366,-0.2515290044,287.6892723,1642.727269,291.7248617,0.0,0.349,-4.67
0.2967293262,-0.3993237913,0.7023307085,13.40148303,0.009648779712,0.1591732098,-0.1656094216,290.1400304,1657.003943,292.3566397,-1.167874219,0.24,-3.5
0.2966598868,-0.399322778,0.6905885935,13.39814648,-0.01345052757,0.1668078832,-0.1408941773,290.7092348,1664.626001,292.6922644,0.874487288,0.228,-3.26
0.2965890765,-0.3993217349,0.684543252,13.40049351,-0.02502459534,0.1738608406,-0.1204807165,290.862476,1664.982207,292.7079211,1.850306666,0.223,-3.19
0.2966877818,-0.3993231058,0.7173652053,13.42425087,0.003569966671,0.1504355362,-0.1687282346,289.695126,1640.003409,291.6038568,-0.7734891942,0.236,-3.7
0.2984161079,-0.3993526399,0.7251719832,13.45739653,-0.01492520197,0.2112710047,-0.2097421421,287.596591,1626.018241,290.9801942,0.0,0.308,-4.63
0.2949172854,-0.399530828,0.6609401703,13.52434844,0.4827536857,0.1674043182,0.1561748385,286.3160246,1595.412955,289.6011983,0.0,0.544,-5.99
0.3058052957,-0.4013480842,0.6488538384,13.54635587,0.3110667882,0.1479203822,0.2984647977,285.7006591,1584.944282,289.1249534,0.0,0.465,-5.99
0.2899323106,-0.3993516266,0.664773047,13.56027871,0.4395169433,0.194170141,0.08964351222,286.8049176,1590.192039,289.3639804,17.41112037,0.498,-5.73
0.2010497004,-0.3994442523,0.7810290456,13.6261142,-0.02418476898,0.1926114376,-0.03708928657,286.8868056,1606.377637,290.0975015,0.0,0.207,-4.43
0.215951249,-0.399366349,0.7790719867,13.6204449,0.03168139362,0.1960928758,-0.01461397672,287.3520871,1613.96158,290.4392951,0.0,0.209,-4.28
0.2984831333,-0.3993546069,0.7526707053,13.48720313,-0.02001939299,0.2000724153,-0.04193037556,288.8435033,1603.023327,289.9459431,0.0,0.215,-4.04
0.2966130376,-0.3993221521,0.7638686895,13.47322092,-0.04414708139,0.09221490772,0.06342106047,292.4245277,1609.562559,290.2411869,24.05642645,0.13,-2.77
0.2432281226,-0.3993267119,0.7771107554,13.59353164,0.1093786007,0.07165302443,-0.001046907855,289.326679,1618.976655,290.6646537,9.286480881,0.14,-3.39
0.270092994,-0.3993245065,0.7769857645,13.54815651,0.1526441203,0.03665848457,-0.00434164102,289.9643884,1623.056395,290.847596,11.1099132,0.167,-3.4
0.2302845865,-0.3993267715,0.7771124244,13.60822069,0.0629831547,0.1112399413,-0.0003267661303,289.1868971,1617.109057,290.5807922,8.622801684,0.137,-3.41
0.1595772356,-0.4010930359,0.6805336475,13.47424959,-0.2409072951,0.3104995585,0.2577149944,286.2470195,1592.553013,289.471326,0.0,0.48,-5.83
0.1562503129,-0.4018532932,0.6837501526,13.50307993,-0.2157240993,0.2717287004,0.3374776595,286.0113559,1587.229426,289.229111,0.0,0.494,-5.98
0.1657785475,-0.4002870917,0.6748564839,13.48779012,-0.232604425,0.2546493829,0.2363284866,286.5372756,1589.876389,289.3496198,0.0,0.428,-5.59
0.1759193987,-0.3993494511,0.7182297707,13.48339601,-0.0009464019118,0.2155128325,-0.12299543,289.6909065,1617.144153,290.5823688,0.0,0.258,-3.94
0.175767839,-0.3993537724,0.7349526286,13.46530938,0.001771823084,0.2068962986,-0.1145512239,289.547536,1617.338823,290.5911134,0.0,0.246,-3.92
0.1681133807,-0.3999861181,0.6672345996,13.51713637,-0.3397335933,0.169415803,0.2492286504,286.2663001,1576.347651,288.7321049,0.0,0.464,-5.87
0.1778713614,-0.3993194401,0.6773561835,13.47890765,-0.1634443546,0.07429895959,-0.003476870615,290.4822483,1602.379576,289.9168292,16.39060991,0.189,-3.54
0.1777297258,-0.399320662,0.6832287312,13.47717692,-0.1231287192,0.08947143384,-0.06119994022,291.5896462,1616.068934,290.5340556,21.85614936,0.174,-3.13
0.1755098552,-0.3993954062,0.669457078,13.4787436,-0.2463495385,0.1879086792,0.1607088218,287.1234026,1584.131113,289.0878618,18.09260176,0.359,-5.22
0.1776553392,-0.3993214667,0.6930549145,13.50323631,0.03419909243,0.1339849884,-0.03936143715,290.6416723,1607.664504,290.1555832,18.97839018,0.153,-3.28
0.1775949001,-0.3993222415,0.7061928511,13.48445751,0.0009693845857,0.1157253437,-0.01855487454,291.4930356,1618.236979,290.6314484,23.2213955,0.127,-2.88
0.3864595294,-0.5662522912,0.624504447,13.6315554,-0.02565897142,0.01169648648,0.2680573833,286.0913191,1567.365841,288.3199344,-10.94344475,0.279,-5.26
0.385042578,-0.5493797064,0.621019423,13.63278267,-0.005994237096,0.04481717079,0.3677577793,285.6800595,1566.489197,288.2796108,0.0,0.38,-5.81
0.3945553303,-0.5669577122,0.6499188542,13.60348153,-0.1669120748,0.04249628107,0.2574808015,286.7225093,1577.123753,288.7676371,-10.25027869,0.319,-5.21
0.392237097,-0.5656231046,0.6405461431,13.61560679,-0.03700184018,0.02401894227,0.2940689537,286.1980688,1572.29664,288.5464248,-11.57275526,0.307,-5.33
0.3918845057,-0.5570082068,0.6387836337,13.62030424,-0.04031990272,0.03887041454,0.3141289417,285.981795,1572.653782,288.562809,0.0,0.329,-5.48
0.3946945071,-0.5592788458,0.6514444351,13.59850304,-0.0787943554,0.06124239905,0.3388601372,286.2164553,1576.881445,288.756545,0.0,0.363,-5.53
0.3932220042,-0.5465267301,0.6440243721,13.60591723,-0.02171151833,0.06576242353,0.3839037641,285.7878769,1576.736889,288.749927,0.0,0.4,-5.79
0.3892997801,-0.5465956926,0.6309669614,13.62296792,-0.01220703777,0.05275738618,0.3766230094,285.6938842,1571.162078,288.4943573,0.0,0.39,-5.81
0.3823825121,-0.5597110391,0.6163440347,13.6358697,-0.000343117767,0.02130888926,0.3281945142,285.8104039,1564.618692,288.1935154,0.0,0.338,-5.61
0.3877956271,-0.558862865,0.6271423697,13.6246208,-0.006819057766,0.02691930458,0.3432072089,285.8380249,1569.496497,288.417869,0.0,0.354,-5.64
0.3763594031,-0.5576825738,0.6069372892,13.63975413,0.01489522059,0.01932374046,0.3383604012,285.7564752,1560.987604,288.0261635,0.0,0.349,-5.69
0.3777474463,-0.5659062862,0.609312892,13.63407627,0.02683069229,0.007282520397,0.3171312141,285.9156003,1564.668279,288.1957988,-11.629095,0.328,-5.54
0.3667129874,-0.5663499832,0.5961537361,13.6412133,0.03560393565,0.005164283975,0.3086294166,285.8662653,1557.017129,287.8428351,-10.02112912,0.32,-5.57
0.3931396008,-0.5362641811,0.6433485746,13.60216212,-0.01754045835,0.07591474349,0.416251499,285.6547997,1580.440442,288.919337,0.0,0.433,-5.92
0.3915106654,-0.5379300714,0.6369706392,13.61488475,-0.01640921012,0.07036799598,0.4044315829,285.6245859,1575.847611,288.7092047,0.0,0.42,-5.91
0.3914790154,-0.5263996124,0.6369644403,13.61195754,-0.014051251,0.07644204187,0.4325016356,285.5478304,1577.709497,288.7944455,0.0,0.449,-6.03
0.3951208591,-0.5274142027,0.6545346975,13.58469239,-0.01051567712,0.08480163724,0.4630110762,285.5715289,1586.911251,289.2146152,0.0,0.48,-6.07
0.3949326277,-0.5375805497,0.6529191136,13.58765136,-0.01650422506,0.08052916635,0.4328163732,285.6934334,1583.146458,289.042929,0.0,0.45,-5.96
0.3954649866,-0.5480366349,0.6580340266,13.58673546,-0.02032602512,0.0774145922,0.4100303803,285.8559254,1578.734766,288.8413521,0.0,0.427,-5.86
0.3931769431,-0.5263995528,0.6435284615,13.59971781,-0.01478967236,0.08045747229,0.4465087577,285.560022,1583.369416,289.0531051,0.0,0.464,-6.04
0.3949913383,-0.5063995719,0.6535284519,13.58037644,-0.01917031871,0.08773749837,0.4892056903,285.4935762,1591.111389,289.4057943,0.0,0.507,-6.15
0.3931769431,-0.5163995624,0.6435284615,13.59721404,-0.01642651899,0.08331578918,0.4631290341,285.514758,1585.293704,289.1408875,0.0,0.48,-6.1
0.3949913383,-0.516399622,0.6535285115,13.58259301,-0.01433810981,0.08679590558,0.4817357437,285.5202193,1589.691686,289.3412156,0.0,0.499,-6.13
0.3953526616,-0.566419065,0.6585870385,13.59202665,-0.07023829956,0.03153935795,0.3151192015,286.4712689,1574.700266,288.6566395,-11.0530141,0.334,-5.36
0.3471943736,-0.4136273265,0.6935284734,13.47190293,0.08026288671,0.1860453488,0.5287842135,285.5996573,1609.389533,290.2333864,0.0,0.576,-6.22
0.3596147299,-0.4224915504,0.663528502,13.53501164,0.05107182474,0.08257001878,0.461934919,285.5643208,1587.71184,289.2510851,0.0,0.482,-6.07
0.3948325515,-0.4963995814,0.6535284519,13.57823917,-0.0248006921,0.08757095157,0.4885351841,285.4765741,1591.107472,289.4056162,0.0,0.507,-6.16
0.3940144181,-0.4863995612,0.6535284519,13.57570608,-0.03116511012,0.08659134617,0.482305057,285.4653165,1590.675798,289.385985,0.0,0.501,-6.15
0.3927853107,-0.4780662358,0.655195117,13.57301672,-0.03790823818,0.08485102453,0.473280374,285.4578149,1590.342755,289.3708365,0.0,0.492,-6.12
0.3917656839,-0.4747329056,0.653450191,13.57301672,-0.03790823818,0.08485102453,0.473280374,285.4578149,1590.342755,289.3708365,0.0,0.492,-6.12
0.3915340006,-0.4756118059,0.6501168609,13.57301672,-0.03790823818,0.08485102453,0.473280374,285.4578149,1590.342755,289.3708365,0.0,0.492,-6.12
0.3883863389,-0.4647329152,0.6518617868,13.57119346,-0.01812740966,0.07955643497,0.4579683362,285.4655659,1584.250138,289.0932919,0.0,0.475,-6.1
0.3897938728,-0.4673838615,0.655195117,13.57119346,-0.01812740966,0.07955643497,0.4579683362,285.4655659,1584.250138,289.0932919,0.0,0.475,-6.1
0.3907348812,-0.4707171917,0.653450191,13.57119346,-0.01812740966,0.07955643497,0.4579683362,285.4655659,1584.250138,289.0932919,0.0,0.475,-6.1
0.3850207329,-0.4563995898,0.6535284519,13.56794299,-0.02262266682,0.07669007257,0.4492904363,285.4650514,1583.923501,289.0783896,0.0,0.466,-6.07
0.3701197505,-0.4323278069,0.6735284925,13.52838483,0.03391581399,0.09946919387,0.4881330847,285.5206038,1582.314202,289.0049342,0.0,0.509,-6.2
0.3817821741,-0.450009495,0.6535284519,13.56411071,-0.0271405895,0.07293300397,0.4425815014,285.4665987,1584.306114,289.0958455,0.0,0.459,-6.05
0.3790869415,-0.444257617,0.6635284424,13.54935293,0.005601699192,0.08330303266,0.4672123168,285.4874384,1583.094546,289.0405595,0.0,0.484,-6.13
0.3735960722,-0.4380635023,0.6535285115,13.56059071,-0.004496237662,0.06743409692,0.4347414739,285.4912855,1581.344197,288.9606319,0.0,0.45,-6.03
0.363195926,-0.4292407334,0.6435284615,13.57388161,0.01380442676,0.04444491245,0.3953930396,285.5280089,1574.648969,288.6542886,0.0,0.408,-5.91
0.3513281345,-0.4211235046,0.6378455758,13.59056097,0.03250138414,0.01767745502,0.3476653271,285.589975,1565.953141,288.2549452,0.0,0.359,-5.75
0.3724755943,-0.4394760728,0.6435284615,13.57738357,-0.008835044038,0.0551284872,0.4015752033,285.490649,1573.911594,288.62049,0.0,0.415,-5.95
0.3619035184,-0.4304834604,0.6365275383,13.59123392,0.009343433835,0.03332851628,0.3580136369,285.526568,1566.078932,288.2607338,0.0,0.369,-5.81
0.3812618554,-0.4508791864,0.6473352313,13.58018907,-0.03092408795,0.06311358212,0.4110392202,285.4662367,1575.361963,288.6869584,0.0,0.427,-5.99
0.3714856207,-0.4407246113,0.637250185,13.59287023,-0.01211752069,0.04536457384,0.3681278983,285.490118,1565.244438,288.2223258,0.0,0.381,-5.87
0.369461,-0.4330634773,0.6535285115,13.56130093,0.02255590505,0.06757626344,0.4310234341,285.51762,1580.878592,288.9393594,0.0,0.446,-6.01
0.3589632809,-0.4230242074,0.6535284519,13.55477736,0.04590109706,0.06084966154,0.4281354574,285.5634079,1584.228428,289.0923015,0.0,0.444,-5.97
0.3459506929,-0.4161553085,0.6435284615,13.57093769,0.06415185764,0.03247766613,0.3847808548,285.6350842,1575.321021,288.6850827,0.0,0.401,-5.84
0.332133919,-0.4109027386,0.6370928884,13.59054182,0.09352034635,4.037431842e-05,0.3177768557,285.7680077,1562.997889,288.1188508,0.0,0.341,-5.65
0.357475996,-0.4242407382,0.6435284615,13.5744579,0.04002546569,0.04391687191,0.3908052455,285.5617066,1576.465349,288.7374943,0.0,0.405,-5.87
0.3442840278,-0.4178279936,0.6351951361,13.59210292,0.05561505041,0.01700724978,0.3401408508,285.6320077,1566.711131,288.2898209,0.0,0.355,-5.72
0.3458970487,-0.4201352298,0.6318618059,13.59210292,0.05561505041,0.01700724978,0.3401408508,285.6320077,1566.711131,288.2898209,0.0,0.355,-5.72
0.3492303789,-0.4211235046,0.6345122457,13.59210292,0.05561505041,0.01700724978,0.3401408508,285.6320077,1566.711131,288.2898209,0.0,0.355,-5.72
0.3700149059,-0.4324448705,0.663528502,13.54426225,0.02803547983,0.08288706766,0.4617447484,285.5190692,1582.889646,289.0312064,0.0,0.48,-6.11
0.309820354,-0.4019292891,0.6489096284,13.55779805,0.3417185484,0.0651703793,0.2242100145,285.7922839,1564.132389,288.1711193,0.0,0.423,-5.95
0.3391030729,-0.4122713506,0.6435284615,13.57169343,0.09238965659,0.04193495962,0.3749341913,285.6602985,1575.521105,288.6942489,0.0,0.398,-5.83
0.3164495528,-0.4041864872,0.6442923546,13.5725734,0.2043657233,0.06218356293,0.3000565216,285.6963284,1567.748524,288.3375316,0.0,0.378,-5.79
0.3258010745,-0.4099397957,0.6335927844,13.59308367,0.1265271477,0.01604658071,0.2966424652,285.7497436,1561.691042,288.0586067,0.0,0.332,-5.62
0.3160494566,-0.407330662,0.6333976388,13.59877708,0.1582228245,0.03333389637,0.2612585698,285.7270221,1560.108585,287.9856068,0.0,0.317,-5.57
0.3064016402,-0.4024085104,0.6447543502,13.58571806,0.2354097736,0.08447347237,0.2437340908,285.6768569,1565.686709,288.2426834,0.0,0.359,-5.73
0.3006568849,-0.4022000134,0.6436657906,13.5967428,0.3054810723,0.06400875061,0.1132736209,285.7880002,1556.978192,287.8410355,0.0,0.342,-5.68
0.2947824299,-0.4004679024,0.6522138715,13.58465693,0.3774800556,0.1185065905,0.09924195105,285.9596958,1568.532481,288.3735708,0.0,0.418,-5.85
0.1523177177,-0.4028068185,0.6773726344,13.47313349,-0.325174487,0.2396126734,0.3752439831,285.8673636,1581.231338,288.955476,0.0,0.561,-6.25
0.1456799954,-0.404925108,0.6726492047,13.51678726,-0.2325269622,0.2043589177,0.4515704277,285.6704002,1574.924854,288.6669312,0.0,0.557,-6.34
0.1459331065,-0.4050062001,0.6636330485,13.53508655,-0.2317569427,0.144002525,0.425024166,285.6652454,1566.641552,288.28662,0.0,0.515,-6.27
0.09788907319,-0.5125684142,0.6078952551,13.63539634,-0.02468969496,0.0769002052,0.285926504,285.5704033,1547.348305,287.3949264,0.0,0.307,-5.65
0.1406477094,-0.4110932648,0.6381079555,13.59933285,-0.1794210365,0.03501220321,0.3353681132,285.6742082,1547.352655,287.3951284,0.0,0.392,-5.97
0.1459296197,-0.4058395922,0.6536131501,13.56111791,-0.2149167034,0.08926705793,0.3847351141,285.6728504,1558.265355,287.9005071,0.0,0.459,-6.14
0.1459153891,-0.40777421,0.6435727477,13.58490463,-0.1942850931,0.0476943173,0.3435622185,285.6921575,1551.078146,287.5679595,0.0,0.407,-6.0
0.160406515,-0.4012030661,0.6629462838,13.52714232,-0.3487547107,0.1382624529,0.3095507571,285.7928654,1564.418706,288.1843059,0.0,0.496,-6.18
0.1374462992,-0.4138288796,0.6350942254,13.6053772,-0.1436561668,0.07016013233,0.3649171735,285.6389857,1550.504765,287.5413797,0.0,0.408,-6.02
0.1272727102,-0.4333201349,0.612396419,13.62122763,-0.1031747737,0.1425103851,0.2904353352,285.5777425,1545.114266,287.291136,0.0,0.349,-5.84
0.1321419477,-0.4232859313,0.6210256219,13.61980634,-0.1188442065,0.1021301693,0.3059491583,285.633776,1549.188849,287.4803511,0.0,0.353,-5.82
0.1366629899,-0.4190101624,0.6242659092,13.61618285,-0.1404663508,0.06710672228,0.3318944353,285.6274275,1547.233926,287.3896152,0.0,0.376,-5.92
0.1394740641,-0.4209581614,0.6179407835,13.62400531,-0.134565666,0.07098725752,0.3047015999,285.6200117,1544.434472,287.2595314,0.0,0.35,-5.84
0.1355898231,-0.4264777005,0.6133278012,13.62558865,-0.1124030338,0.103048107,0.2850031227,285.6247305,1546.047074,287.3344867,0.0,0.333,-5.76
0.08891773224,-0.537387073,0.6217139363,13.63578344,-0.04045902788,0.05928263012,0.2364315305,285.6946404,1553.297085,287.6707515,0.0,0.257,-5.33
0.09695145488,-0.5329168439,0.6090643406,13.63872973,-0.02626975269,0.05304411057,0.2375231575,285.6523763,1547.400901,287.3973686,0.0,0.254,-5.37
0.08781724423,-0.5248231888,0.6247348189,13.6349483,-0.01518914488,0.05636404184,0.2574639236,285.6220368,1551.725636,287.5979657,0.0,0.274,-5.45
0.08354333788,-0.5483121872,0.636559546,13.63643207,-0.03206220069,0.03412490113,0.1964018642,285.8086535,1555.460269,287.7708547,0.0,0.212,-5.04
0.1753088981,-0.3993830681,0.7758568525,13.47548832,-0.1694789391,0.2554469525,-0.3041216881,286.7989062,1584.740253,289.1156483,0.0,0.441,-5.59
0.1796025038,-0.3993373513,0.7777097225,13.58096592,-0.2946269572,0.2619090014,-0.1056012003,286.8735877,1587.493303,289.2411313,0.0,0.418,-5.48
0.1898486316,-0.3993450999,0.7783086896,13.6118386,-0.128252685,0.264678582,-0.0358233486,287.1421172,1600.262066,289.821002,0.0,0.306,-4.9
0.1757515073,-0.3993542492,0.750487864,13.45456185,0.007796549386,0.1958300827,-0.08483868261,289.5196534,1613.98256,290.440239,0.0,0.223,-3.85
0.1761433929,-0.3993445933,0.7639709711,13.43686351,-0.01208812577,0.1819162174,-0.1003222991,288.8346914,1601.926418,289.8963297,0.0,0.218,-4.06
0.0801024884,-0.5624258518,0.6507169008,13.63403913,-0.06009436933,0.01542264558,0.1792844733,286.0657068,1556.911072,287.8379333,-6.448614749,0.199,-4.89
0.08187941462,-0.5637825131,0.639708221,13.6367566,-0.01101126036,0.01079500708,0.1534184017,286.1204635,1559.374508,287.9517244,-6.517891852,0.164,-4.63
0.1186274365,-0.4486297071,0.6062071919,13.62620909,-0.07222093661,0.1372571394,0.2960085323,285.5798786,1545.871654,287.3263358,0.0,0.344,-5.82
0.1097408608,-0.4779641926,0.5972040296,13.627556,-0.03206945648,0.1068937841,0.3414419288,285.4818144,1540.727411,287.0870008,0.0,0.369,-5.97
0.1125093997,-0.4647041261,0.6000753641,13.63148357,-0.05002546302,0.1274135241,0.2956225297,285.591696,1546.372937,287.349626,0.0,0.335,-5.77
0.1082651019,-0.4893301427,0.5965348482,13.63266336,-0.02248256463,0.08994235819,0.3319181251,285.5022148,1542.488709,287.1690123,0.0,0.354,-5.9
0.1073819026,-0.509324789,0.5960985422,13.63639228,-0.01663855825,0.07144764312,0.3012922651,285.5428483,1543.504773,287.2162914,0.0,0.32,-5.74
0.2967429161,-0.3993239701,0.7384584546,13.47707046,-0.0006454737223,0.1398375109,-0.0692759306,289.6854696,1608.484449,290.1925726,7.191654548,0.166,-3.55
0.2964430153,-0.39932096,0.7730888128,13.44280473,0.1832250862,0.07441054201,-0.09603123252,290.3345941,1585.3935,289.1454378,12.71176405,0.229,-3.87
0.2967093587,-0.3993234634,0.7125800848,13.42802836,0.00133008879,0.1432992813,-0.1653116792,289.6767849,1642.344972,291.7078876,-1.127159913,0.228,-3.65
0.2967101932,-0.3993234634,0.7247978449,13.45739841,0.004348412766,0.1343068748,-0.1307156317,289.5254846,1626.063753,290.9822303,1.282752777,0.197,-3.64
0.2840305567,-0.4000256956,0.6558988094,13.62675334,0.3020802172,0.1316463758,0.02808479167,286.1075499,1570.917702,288.4831386,0.0,0.34,-5.5
0.2951485217,-0.402138263,0.6432948112,13.60708501,0.2481561262,0.1029903425,0.1629505675,285.6904681,1563.030974,288.1203755,0.0,0.324,-5.59
0.2851093113,-0.3993178606,0.6660813689,13.59939812,0.08342352353,0.04796753916,0.0286965373,288.9864269,1565.404324,288.2296858,13.14319486,0.11,-3.73
0.2832752168,-0.399346143,0.6646097898,13.61285965,0.298229845,0.1912889047,0.02441791631,286.7669728,1576.888059,288.7568478,0.0,0.365,-5.38
0.2023404688,-0.3993583024,0.7788209915,13.62845164,-0.006448870961,0.2119433546,-0.01324535607,287.2970217,1608.16158,290.1780091,0.0,0.222,-4.41
0.2165677398,-0.3993258178,0.7770619392,13.62069757,0.03910068321,0.1235193765,-0.001061112594,289.1555785,1614.384739,290.4583306,8.573902857,0.139,-3.45
0.2967265844,-0.3993237019,0.7516249418,13.4876839,-0.002207029729,0.122564794,-0.0101260965,290.517681,1603.538646,289.9692424,13.95708207,0.133,-3.21
0.1557622254,-0.4019790888,0.6728670001,13.51134117,-0.2635440625,0.2149597867,0.395588848,285.7855098,1578.215,288.8175753,0.0,0.531,-6.21
0.1775452197,-0.3993229568,0.7180087566,13.48368998,0.0003012037806,0.1156545952,-0.01817537923,291.6448278,1617.588736,290.6023383,24.80580358,0.127,-2.85
0.1775024533,-0.3993236125,0.7343633771,13.46618717,-0.002226114431,0.1069944765,-0.0156242087,291.7194764,1618.21313,290.6303776,25.6086523,0.118,-2.78
0.1531035155,-0.4028004706,0.6624126434,13.53542055,-0.2637066977,0.1604132408,0.3835084379,285.7090323,1567.707661,288.3356527,0.0,0.502,-6.21
0.1710534692,-0.400341481,0.6568605304,13.56793296,-0.3507171421,0.1378179653,0.1952117511,285.8703023,1558.449941,287.9090326,0.0,0.434,-6.0
0.1816212684,-0.3993891776,0.663983047,13.59661147,-0.3548160212,0.1753094418,0.08276843532,286.6516176,1566.624675,288.2858436,20.2002434,0.414,-5.65
0.1645147949,-0.4014545679,0.6520659924,13.57966438,-0.2669833016,0.1287250375,0.2807272529,285.6979973,1557.160074,287.8494414,0.0,0.418,-6.0
0.3843638003,-0.5548693538,0.6197156906,13.62881027,0.02070714309,0.02531979908,0.3683952603,285.7362721,1567.091189,288.3073028,0.0,0.379,-5.78
0.3822671771,-0.5377309322,0.6159395576,13.63073702,0.007343285345,0.05553557204,0.41125919,285.5621014,1565.89568,288.2523008,0.0,0.425,-6.01
0.386113286,-0.5388712883,0.6233202219,13.62333282,0.004539770744,0.06049337744,0.4193299276,285.5674187,1570.546202,288.4660816,0.0,0.433,-6.01
0.3836843073,-0.5442682505,0.6184083819,13.62660686,0.02087123551,0.04534604657,0.4087826087,285.6108032,1568.614124,288.3773232,0.0,0.421,-5.97
0.3798176348,-0.5479063392,0.612106204,13.63453583,0.01719180787,0.03816753119,0.3882569355,285.6301323,1564.146478,288.1717682,0.0,0.4,-5.91
0.389837563,-0.5362751484,0.6321859956,13.61440055,0.002505240566,0.06547668728,0.4292483634,285.5736361,1575.451134,288.6910435,0.0,0.444,-6.02
0.3719569743,-0.5464323759,0.6014747024,13.63819012,0.0279158594,0.03604514275,0.3963043315,285.598332,1559.76476,287.9697385,0.0,0.409,-5.98
0.369863838,-0.5575647354,0.5992232561,13.63782123,0.04346865551,0.01795321264,0.3651023943,285.7010602,1560.902188,288.0222232,0.0,0.378,-5.83
0.3644927442,-0.552005887,0.5935088992,13.64102098,0.0379971214,0.03145078165,0.3977887677,285.589999,1555.177786,287.7577885,0.0,0.41,-6.01
0.3914790154,-0.5163995624,0.6369644403,13.60962708,-0.01538038224,0.07960010314,0.4465907345,285.5075452,1578.963891,288.8518315,0.0,0.463,-6.08
0.3914790154,-0.5063995719,0.6369644403,13.60752783,-0.01950082266,0.08027895356,0.4492741774,285.4840367,1578.724864,288.8408991,0.0,0.466,-6.1
0.3512506485,-0.5662406087,0.5835420489,13.64293366,0.06854372209,0.003645057943,0.3328796742,285.7831767,1552.148681,287.6175656,-8.855102182,0.349,-5.74
0.3609150946,-0.5585907102,0.5904626846,13.6404128,0.06055998875,0.01534181585,0.3737765098,285.6672468,1556.588127,287.8230059,0.0,0.389,-5.9
0.3897377253,-0.5263995528,0.6319644451,13.61128874,0.003901052352,0.07300813878,0.4489833379,285.5200113,1577.485418,288.7841907,0.0,0.464,-6.09
0.3861508965,-0.5263995528,0.6235284805,13.62067922,0.004434312338,0.06821169283,0.4373086655,285.5157885,1571.577696,288.5134342,0.0,0.452,-6.08
0.3931769729,-0.5063995719,0.6435284615,13.59509788,-0.02084001439,0.08403684012,0.4684393106,285.4888158,1585.704019,289.159595,0.0,0.486,-6.12
0.3930155635,-0.4963996112,0.6435284615,13.592856,-0.02647298114,0.08336679691,0.4653252714,285.4729974,1584.857163,289.1209803,0.0,0.483,-6.12
0.391397506,-0.4963995814,0.6372056603,13.60552883,-0.02557323805,0.07898520165,0.4439402032,285.4697114,1577.068128,288.7650909,0.0,0.461,-6.09
0.3928030431,-0.4880662262,0.6451951265,13.59059037,-0.03310414611,0.08141700072,0.4569550867,285.4628897,1583.508885,289.0594701,0.0,0.475,-6.11
0.3917776048,-0.4847328961,0.6427224278,13.59059037,-0.03310414611,0.08141700072,0.4569550867,285.4628897,1583.508885,289.0594701,0.0,0.475,-6.11
0.3911942244,-0.4862559736,0.6393890977,13.59059037,-0.03310414611,0.08141700072,0.4569550867,285.4628897,1583.508885,289.0594701,0.0,0.475,-6.11
0.3915340006,-0.4789451361,0.646055758,13.58819203,-0.03990152529,0.07871294049,0.4459480873,285.4562534,1582.33815,289.0060277,0.0,0.464,-6.08
0.3907348812,-0.4722784758,0.6501168609,13.57409735,-0.01328301977,0.08194613554,0.4677051883,285.4678125,1585.13344,289.1335796,0.0,0.485,-6.13
0.3872656822,-0.4663995802,0.6435284615,13.58561558,-0.02196447824,0.07217291808,0.4305771403,285.4645144,1576.866693,288.7558696,0.0,0.447,-6.05
0.3842657804,-0.4580662549,0.6451951265,13.58305451,-0.0265093033,0.06816457651,0.4199391555,285.464361,1575.85671,288.7096215,0.0,0.436,-6.02
0.3823399842,-0.4547329247,0.6440019011,13.58305451,-0.0265093033,0.06816457651,0.4199391555,285.464361,1575.85671,288.7096215,0.0,0.436,-6.02
0.3820288181,-0.4558555782,0.640668571,13.58305451,-0.0265093033,0.06816457651,0.4199391555,285.464361,1575.85671,288.7096215,0.0,0.436,-6.02
0.3785960674,-0.4450094998,0.6535284519,13.56519093,-0.0004540777043,0.07175540285,0.4382757684,285.4862638,1580.242381,288.9102848,0.0,0.454,-6.05
0.3681959212,-0.4344760776,0.6435284615,13.57804148,0.0172761563,0.05439259827,0.3979653756,285.5162403,1574.799189,288.6611727,0.0,0.412,-5.92
0.3569005728,-0.4292322099,0.629860878,13.59212593,0.03355358049,0.0317251075,0.3530550588,285.559306,1567.816606,288.3406619,0.0,0.366,-5.78
0.3576173484,-0.4283160269,0.6331942081,13.59212593,0.03355358049,0.0317251075,0.3530550588,285.559306,1567.816606,288.3406619,0.0,0.366,-5.78
0.3542840183,-0.4249827564,0.6345122457,13.59212593,0.03355358049,0.0317251075,0.3530550588,285.559306,1567.816606,288.3406619,0.0,0.366,-5.78
0.3546614647,-0.4238168001,0.6378455758,13.59212593,0.03355358049,0.0317251075,0.3530550588,285.559306,1567.816606,288.3406619,0.0,0.366,-5.78
0.3425637186,-0.4204113185,0.6266479492,13.60870749,0.04650702229,0.008918251285,0.3004487724,285.6255313,1560.391672,287.9986699,0.0,0.314,-5.58
0.3757269084,-0.4447329044,0.6418617964,13.58065068,-0.005180844996,0.06147329981,0.4077192881,285.4853549,1573.684365,288.6100723,0.0,0.422,-5.97
0.3785252571,-0.4475458562,0.6451951861,13.58065068,-0.005180844996,0.06147329981,0.4077192881,285.4853549,1573.684365,288.6100723,0.0,0.422,-5.97
0.3803603351,-0.4508791864,0.6440019011,13.58065068,-0.005180844996,0.06147329981,0.4077192881,285.4853549,1573.684365,288.6100723,0.0,0.422,-5.97
0.3666745722,-0.4387488365,0.6305834651,13.59343245,0.01228372583,0.04400223357,0.3646999628,285.5149157,1566.530377,288.2815054,0.0,0.377,-5.84
0.3676173389,-0.4380738735,0.6339168549,13.59343245,0.01228372583,0.04400223357,0.3646999628,285.5149157,1566.530377,288.2815054,0.0,0.377,-5.84
0.3642840087,-0.4347405434,0.6331942081,13.59343245,0.01228372583,0.04400223357,0.3646999628,285.5149157,1566.530377,288.2815054,0.0,0.377,-5.84
0.3652368486,-0.434057951,0.6365275383,13.59343245,0.01228372583,0.04400223357,0.3646999628,285.5149157,1566.530377,288.2815054,0.0,0.377,-5.84
0.3530863523,-0.4296306372,0.6235284805,13.6069271,0.02705248122,0.02370558075,0.3177087717,285.5564711,1560.831302,288.0189532,0.0,0.329,-5.66
0.3756189048,-0.4480662644,0.6351951361,13.5948782,-0.008777038369,0.05275860158,0.377140163,285.4846133,1565.23696,288.2219815,0.0,0.391,-5.91
0.3728758991,-0.4447329342,0.6339168549,13.5948782,-0.008777038369,0.05275860158,0.377140163,285.4846133,1565.23696,288.2219815,0.0,0.391,-5.91
0.3723409474,-0.4459915459,0.6305835247,13.5948782,-0.008777038369,0.05275860158,0.377140163,285.4846133,1565.23696,288.2219815,0.0,0.391,-5.91
0.3629994988,-0.4391277432,0.6235284805,13.60679325,0.00767955145,0.0362365236,0.3328035556,285.5136091,1559.709522,287.9671889,0.0,0.344,-5.75
0.3511816263,-0.4312084019,0.6182665825,13.61876028,0.02079361616,0.01857451014,0.2859113575,285.5534796,1555.750576,287.784281,0.0,0.297,-5.55
0.3376173675,-0.4155101478,0.6318618059,13.59386123,0.07823996099,0.02223669969,0.329587245,285.6606226,1566.404438,288.2757112,0.0,0.349,-5.69
0.3342839777,-0.4131650925,0.6337841153,13.59386123,0.07823996099,0.02223669969,0.329587245,285.6606226,1566.404438,288.2757112,0.0,0.349,-5.69
0.3354429007,-0.412425667,0.6371174455,13.59386123,0.07823996099,0.02223669969,0.329587245,285.6606226,1566.404438,288.2757112,0.0,0.349,-5.69
0.3221996129,-0.4109984338,0.6276424527,13.61221447,0.09934883577,0.0006305814144,0.2567324234,285.7658156,1557.006711,287.8423536,0.0,0.285,-5.43
0.3492303789,-0.4225655496,0.6311789155,13.59370648,0.05663740368,0.03215615647,0.3455843501,285.5918186,1569.180778,288.4033634,0.0,0.361,-5.74
0.3342839777,-0.4169410765,0.6251951456,13.61073655,0.06510246078,0.01086340667,0.2902136987,285.6572154,1560.311652,287.9949775,0.0,0.307,-5.54
0.3360631168,-0.4195350409,0.6218618155,13.61073655,0.06510246078,0.01086340667,0.2902136987,285.6572154,1560.311652,287.9949775,0.0,0.307,-5.54
0.3393964469,-0.4204113185,0.6233146191,13.61073655,0.06510246078,0.01086340667,0.2902136987,285.6572154,1560.311652,287.9949775,0.0,0.307,-5.54
0.3054044545,-0.4053655267,0.6341380477,13.6076888,0.1838760294,0.04774921276,0.2094888996,285.7078443,1558.032594,287.8897554,0.0,0.292,-5.47
0.3288504183,-0.4121389687,0.6304507852,13.59684431,0.1032014565,0.03194008808,0.31253979,285.6760283,1565.307679,288.225237,0.0,0.34,-5.65
0.3169836402,-0.4102362692,0.6265090704,13.61569605,0.1219862972,0.01314930968,0.2286165852,285.7504889,1555.527605,287.773969,0.0,0.269,-5.37
0.3069992065,-0.4091421962,0.6250849962,13.62204998,0.138686352,0.02540429788,0.1927693871,285.7351702,1553.937085,287.7003789,0.0,0.248,-5.27
0.294932127,-0.4047630429,0.6342939734,13.62018829,0.1899480672,0.05952749568,0.1537099412,285.6997291,1556.613521,287.8241798,0.0,0.261,-5.33
0.2898050845,-0.4020084143,0.6438768506,13.62287686,0.2749464578,0.07726658264,0.03285655774,285.82648,1557.739234,287.8762029,0.0,0.297,-5.47
0.2780721486,-0.40133968,0.6467858553,13.64675464,0.2301588464,0.08255686566,-0.01687066913,285.8741161,1560.443756,288.0010731,0.0,0.255,-5.23
0.2834796309,-0.4023048878,0.6425092816,13.62795946,0.2237989129,0.1117350241,0.09849926367,285.7072929,1563.128001,288.1248467,0.0,0.278,-5.37
0.1079881862,-0.5302836299,0.5954378843,13.63940935,-0.01504376714,0.04796828321,0.2444694706,285.6225381,1543.289805,287.2062906,0.0,0.259,-5.43
0.1613328755,-0.4024007022,0.6491387486,13.58009421,-0.3198824262,0.06561756222,0.1920889104,285.7673191,1548.695369,287.4574548,0.0,0.388,-5.92
0.1551659554,-0.4031064808,0.6532616615,13.56746591,-0.2405055601,0.10454503,0.3482844788,285.6738829,1558.065286,287.8912656,0.0,0.446,-6.1
0.1554369777,-0.4050205946,0.6430572271,13.59141013,-0.2031317991,0.05504165828,0.31276899,285.6926997,1550.335337,287.5335243,0.0,0.387,-5.93
0.1473813057,-0.4098140001,0.6349042058,13.60396673,-0.1719793685,0.02395811508,0.3220863667,285.6842288,1546.906251,287.3743981,0.0,0.376,-5.91
0.1505582631,-0.4111229777,0.6282407045,13.61795758,-0.1533088137,0.01065137299,0.3044463019,285.6674087,1543.980435,287.2384167,0.0,0.351,-5.83
0.1437696666,-0.4124704897,0.6313114762,13.61054037,-0.1399613727,0.05538284058,0.3520606492,285.6524833,1549.509169,287.4952103,0.0,0.392,-5.96
0.1350121349,-0.4318841696,0.6067529321,13.6319102,-0.08801636712,0.1228036651,0.2610026948,285.6231905,1544.403923,287.2581109,0.0,0.311,-5.67
0.1342840046,-0.4352174997,0.6038966775,13.6319102,-0.08801636712,0.1228036651,0.2610026948,285.6231905,1544.403923,287.2581109,0.0,0.311,-5.67
0.1376173347,-0.4362863302,0.6005633473,13.6319102,-0.08801636712,0.1228036651,0.2610026948,285.6231905,1544.403923,287.2581109,0.0,0.311,-5.67
0.1349987984,-0.4396196902,0.5990055203,13.6319102,-0.08801636712,0.1228036651,0.2610026948,285.6231905,1544.403923,287.2581109,0.0,0.311,-5.67
0.1316788048,-0.4318841696,0.6091096997,13.62869002,-0.09504628683,0.1241090842,0.2694701241,285.6339259,1547.437169,287.3990526,0.0,0.321,-5.69
0.1383454651,-0.429864198,0.6067529321,13.62989703,-0.1067216494,0.1062426878,0.2713967493,285.6142248,1543.086666,287.196839,0.0,0.32,-5.72
0.1569578499,-0.410071522,0.6270139217,13.62347929,-0.1463922706,0.0009826312067,0.2786287669,285.6984273,1543.225038,287.2032772,0.0,0.324,-5.71
0.1559174657,-0.4078179598,0.6335445046,13.61005928,-0.1700446393,0.02087034573,0.291939923,285.6992574,1545.765322,287.3213948,0.0,0.348,-5.8
0.1442840099,-0.416759491,0.6218618155,13.62226902,-0.1285628505,0.04656743969,0.3238014255,285.643619,1546.361178,287.3490797,0.0,0.361,-5.86
0.1471030116,-0.4139566123,0.6251951456,13.62226902,-0.1285628505,0.04656743969,0.3238014255,285.643619,1546.361178,287.3490797,0.0,0.361,-5.86
0.1504363418,-0.4128856659,0.6248041391,13.62226902,-0.1285628505,0.04656743969,0.3238014255,285.643619,1546.361178,287.3490797,0.0,0.361,-5.86
0.145950675,-0.4196163118,0.6157661676,13.63076546,-0.1185670819,0.04716993868,0.2989347731,285.634759,1543.561986,287.218953,0.0,0.335,-5.78
0.145950675,-0.4230016172,0.6107661724,13.63213774,-0.1016938114,0.08012825055,0.2844779733,285.6445396,1545.354209,287.3022888,0.0,0.322,-5.71
0.09204741567,-0.54747504,0.6162284613,13.63917944,-0.01391858762,0.02715989255,0.1990932025,285.7252616,1547.400092,287.397331,0.0,0.211,-5.11
0.1127803475,-0.5420603752,0.5908210278,13.64310048,-0.05432890813,0.04223409093,0.2232496963,285.7963797,1544.581568,287.266371,0.0,0.243,-5.29
0.1038921401,-0.5519499183,0.6001663208,13.64140223,-0.0332949681,0.02542417582,0.1809322607,285.7833837,1544.664644,287.2702336,0.0,0.195,-5.01
0.08880497515,-0.5635821223,0.6243934035,13.6389659,-0.03121538778,0.008632327167,0.1462941662,285.965545,1551.416798,287.5836546,-5.864443433,0.159,-4.68
0.1766960174,-0.3993376791,0.7746667266,13.43635934,-0.1597515366,0.2354775679,-0.2625986289,287.2065487,1581.249154,288.95629,0.0,0.397,-5.35
0.1805956513,-0.3993207514,0.7766312361,13.60446892,-0.2396286635,0.2023886095,-0.2246449089,287.7965482,1588.268049,289.2764145,-1.595934832,0.395,-5.13
0.1910002679,-0.3993221521,0.7768217325,13.61456277,-0.06631227125,0.1749983108,0.007991805642,288.6125289,1601.772394,289.8893611,4.170618799,0.197,-4.01
0.1775001138,-0.3993236423,0.7494778037,13.45546584,-0.006940994468,0.09803350032,-0.01051264827,291.8277763,1616.303303,290.5445886,26.71203592,0.108,-2.75
0.1776244938,-0.3993220031,0.7628630996,13.43896395,0.05981874576,0.07366829229,0.02355134751,290.8825492,1604.831773,290.027684,21.27097386,0.107,-3.04
0.1278859079,-0.4550857544,0.5929636955,13.62972148,-0.06004199841,0.1307699808,0.3023434427,285.557711,1541.04776,287.1019225,0.0,0.344,-5.85
0.1316654682,-0.4419682324,0.5990055203,13.63300887,-0.07527775917,0.1314986831,0.2606103188,285.6292538,1545.327453,287.3010452,0.0,0.311,-5.66
0.1217300296,-0.4713852108,0.5902360082,13.63390608,-0.03620186031,0.1202942564,0.3069698199,285.568853,1542.569475,287.1727714,0.0,0.341,-5.83
0.1241922379,-0.4914723635,0.5838292837,13.63746204,-0.02354119087,0.1037218984,0.2935233247,285.5926288,1544.027911,287.2406248,0.0,0.322,-5.73
0.120675385,-0.5113995671,0.5855573416,13.64039808,-0.02154415649,0.08291381922,0.2676051719,285.6352141,1544.607349,287.2675697,0.0,0.291,-5.57
0.274774313,-0.4022708237,0.6425090432,13.64749522,0.1836035376,0.1149142307,0.05169474446,285.7215801,1562.913721,288.1149719,0.0,0.232,-5.13
0.2693253756,-0.4003981054,0.6526418328,13.66693101,0.1858088519,0.1188494749,-0.02579688047,286.0271715,1567.974649,288.3479281,0.0,0.232,-5.02
0.2717400491,-0.3994251192,0.6627626419,13.65758401,0.2204702365,0.1462479677,0.003168961541,286.8949113,1579.789897,288.889601,0.0,0.274,-4.95
0.2716867626,-0.3993188739,0.6659145951,13.66029207,0.06239481778,0.01377342523,0.005042303069,290.5639548,1584.869487,289.1215424,22.78647501,0.074,-3.24
0.2809066772,-0.39931795,0.6660650969,13.62437307,0.06053258017,0.02352770912,0.04786186448,290.3172122,1578.454898,288.8285502,21.08280526,0.09,-3.34
0.2855160236,-0.4049157798,0.6337320805,13.63336235,0.1784004577,0.0683201934,0.1039859059,285.7002939,1556.822979,287.8338616,0.0,0.227,-5.14
0.203414157,-0.3993244469,0.7769839168,13.62905348,0.009069691508,0.1358350733,0.003656643085,289.025285,1609.436976,290.2355253,7.725347593,0.146,-3.56
0.1702019423,-0.4024461806,0.6435363293,13.60924592,-0.2735883466,0.05401787992,0.1122613949,285.7729452,1544.568226,287.2657506,0.0,0.31,-5.63
0.1824488789,-0.400372982,0.6533412933,13.61974442,-0.2904313516,0.1264871934,0.07021238332,285.8583206,1552.825929,287.6489345,0.0,0.334,-5.66
0.1759940386,-0.4019998014,0.6441474557,13.61776467,-0.2149104866,0.08550492151,0.1997944918,285.6822735,1548.298519,287.439038,0.0,0.315,-5.65
0.1943646669,-0.4003084004,0.6536121964,13.65728935,-0.2090633294,0.1452124811,0.01520477197,285.9417109,1560.259574,287.9925744,0.0,0.265,-5.27
0.1887613535,-0.3993178904,0.6660708785,13.6374704,-0.06024553487,0.04415124512,-0.0003739186634,288.6348344,1558.150739,287.8952129,12.86302419,0.084,-3.86
0.1895732433,-0.399384737,0.663600564,13.64475023,-0.2345876213,0.1979249122,0.0202616442,286.5741944,1566.526427,288.2813237,0.0,0.317,-5.31
0.1641377062,-0.4033115208,0.6428743601,13.60342016,-0.2089831874,0.06809935364,0.2685922478,285.6853679,1549.29092,287.4850863,0.0,0.357,-5.82
0.382363826,-0.5263996124,0.6161590815,13.62815951,0.006151813771,0.06421974247,0.4282308222,285.5107891,1566.061837,288.2599471,0.0,0.443,-6.09
0.374556005,-0.5374494791,0.604716897,13.63457404,0.02441964978,0.04918776968,0.4214558646,285.5325234,1562.02849,288.0741663,0.0,0.435,-6.08
0.3792292774,-0.5361434817,0.611086905,13.62923813,0.02382669084,0.05176167321,0.4259468106,285.5395022,1566.573167,288.283474,0.0,0.439,-6.06
0.382363826,-0.5163995624,0.6161590815,13.62596641,0.00274162588,0.068208604,0.4299895165,285.487319,1565.552263,288.2364954,0.0,0.445,-6.1
0.3861508965,-0.5163995624,0.6235284805,13.6182384,0.001554582006,0.07216253724,0.4414236801,285.4908848,1571.662316,288.5173178,0.0,0.457,-6.11
0.37024194,-0.53594625,0.5993922949,13.6341446,0.03764988427,0.04473521541,0.4273458561,285.5277397,1562.071036,288.0761279,0.0,0.441,-6.1
0.3653556406,-0.5383803248,0.5945272446,13.63801857,0.03705166564,0.0424655034,0.4240474125,285.5228047,1556.899049,287.8373776,0.0,0.437,-6.12
0.3659836054,-0.5478627086,0.5950034261,13.63758302,0.04913020155,0.03194090336,0.4089008135,285.577801,1559.533205,287.9590503,0.0,0.423,-6.04
0.341663599,-0.5684111714,0.5773685575,13.64493371,0.07003549445,0.004144191597,0.3419237488,285.7366853,1543.829323,287.2313883,-6.058449319,0.359,-5.85
0.3511967063,-0.5573578477,0.5830977559,13.64374716,0.06377592982,0.01304587721,0.3733215617,285.6549919,1548.37624,287.4426451,0.0,0.389,-5.96
0.3586429656,-0.5469877124,0.5885852575,13.6412279,0.05392935756,0.02781843305,0.4069528865,285.5727191,1553.021296,287.6579816,0.0,0.421,-6.07
0.3897377253,-0.5163995624,0.6319644451,13.60866716,0.001420313443,0.07642232088,0.4552809224,285.49452,1578.244795,288.8189385,0.0,0.471,-6.11
0.3897377253,-0.5063995719,0.6319644451,13.60642836,-0.002717241316,0.07688839579,0.4523954382,285.4807672,1576.986189,288.76134,0.0,0.468,-6.12
0.3331543207,-0.5663849711,0.5737307072,13.64726537,0.08189993387,0.003563644094,0.338976486,285.7532151,1547.547554,287.4041778,-8.096340653,0.358,-5.81
0.3399382532,-0.5590888262,0.5767124295,13.6449223,0.07663764804,0.01087032261,0.381325108,285.6385776,1547.423035,287.3983963,0.0,0.399,-6.0
0.3861508965,-0.5063995719,0.6235284805,13.61619639,-0.002782321218,0.07258083001,0.4361456359,285.4779996,1569.967742,288.4395161,0.0,0.452,-6.1
0.3911942244,-0.4895892441,0.6378073692,13.60352835,-0.03221421628,0.07632961597,0.4334295089,285.4606418,1574.826532,288.6624257,0.0,0.451,-6.08
0.3896524608,-0.4963995814,0.6322056055,13.60436394,-0.007846120939,0.07545713088,0.443589416,285.4728593,1574.404716,288.6430943,0.0,0.46,-6.11
0.3907409608,-0.4829225838,0.6393890977,13.59029102,-0.01164760002,0.07825567498,0.4539112596,285.4697953,1580.045943,288.9013058,0.0,0.47,-6.11
0.3894903958,-0.4747329056,0.6418617964,13.58800273,-0.01700776269,0.07551431788,0.4422234542,285.466355,1578.257382,288.8195143,0.0,0.459,-6.08
0.3905251324,-0.4756118059,0.6451951265,13.58800273,-0.01700776269,0.07551431788,0.4422234542,285.466355,1578.257382,288.8195143,0.0,0.459,-6.08
0.3907409608,-0.4789451659,0.6427224278,13.58800273,-0.01700776269,0.07551431788,0.4422234542,285.466355,1578.257382,288.8195143,0.0,0.459,-6.08
0.3854119778,-0.4680662453,0.6351951361,13.59866178,-0.02386688934,0.06537923305,0.4039635318,285.4636258,1567.478583,288.325119,0.0,0.42,-6.01
0.383113414,-0.4647329152,0.6323124766,13.59866178,-0.02386688934,0.06537923305,0.4039635318,285.4636258,1567.478583,288.325119,0.0,0.42,-6.01
0.3820352554,-0.4651812315,0.6289791465,13.59866178,-0.02386688934,0.06537923305,0.4039635318,285.4636258,1567.478583,288.325119,0.0,0.42,-6.01
0.3820288181,-0.4591889083,0.6356458068,13.59679169,-0.02842786628,0.06061163555,0.3911447605,285.4638319,1566.359105,288.2736255,0.0,0.406,-5.97
0.3803603351,-0.452522248,0.640668571,13.5835748,-0.001820259781,0.06636119391,0.4160895608,285.4823484,1573.873131,288.6187267,0.0,0.431,-6.01
0.3723409176,-0.4493248761,0.6259730458,13.6073241,-0.0114913672,0.04565299849,0.3478223649,285.4839555,1558.861596,287.9280431,0.0,0.361,-5.83
0.3612918556,-0.441021204,0.6180792451,13.61784931,0.003410498129,0.03047794202,0.3033535098,285.5123048,1555.474887,287.7715308,0.0,0.314,-5.64
0.3602339327,-0.4320821762,0.629860878,13.59459349,0.03587353154,0.04376807527,0.3596336955,285.5430912,1568.605461,288.3769251,0.0,0.374,-5.81
0.347617358,-0.4265459478,0.6218618155,13.60857986,0.0472888451,0.02285117479,0.3104453004,285.5884193,1562.193323,288.0817658,0.0,0.324,-5.63
0.3442840278,-0.4234038293,0.6233146191,13.60857986,0.0472888451,0.02285117479,0.3104453004,285.5884193,1562.193323,288.0817658,0.0,0.324,-5.63
0.3458970487,-0.4225655496,0.6266479492,13.60857986,0.0472888451,0.02285117479,0.3104453004,285.5884193,1562.193323,288.0817658,0.0,0.324,-5.63
0.3327297866,-0.4205233157,0.6171705127,13.6233036,0.05342282927,0.004513864271,0.257050653,285.6514001,1555.193869,287.7585324,0.0,0.272,-5.41
0.3700079024,-0.4426582158,0.6305835247,13.59551539,0.0147396644,0.0516574125,0.3734618347,285.5074881,1566.399972,288.2755057,0.0,0.387,-5.88
0.3580863178,-0.434127748,0.6235284805,13.60792768,0.02899754516,0.03527040916,0.3279930896,285.540922,1561.494317,288.0495347,0.0,0.341,-5.72
0.3442840278,-0.4286511838,0.6151951551,13.62028486,0.03859133328,0.01689207199,0.2794227817,285.5846071,1556.516457,287.8196927,0.0,0.292,-5.52
0.344373703,-0.4311462343,0.611861825,13.62028486,0.03859133328,0.01689207199,0.2794227817,285.5846071,1556.516457,287.8196927,0.0,0.292,-5.52
0.3477070332,-0.4312083721,0.6149332523,13.62028486,0.03859133328,0.01689207199,0.2794227817,285.5846071,1556.516457,287.8196927,0.0,0.292,-5.52
0.3782374561,-0.4547329247,0.6318618059,13.59682561,-0.005585515878,0.05851192143,0.3879724911,285.4813692,1565.506147,288.2343727,0.0,0.402,-5.95
0.3801805079,-0.4558555782,0.6351951361,13.59682561,-0.005585515878,0.05851192143,0.3879724911,285.4813692,1565.506147,288.2343727,0.0,0.402,-5.95
0.3807708919,-0.4591889083,0.6323124766,13.59682561,-0.005585515878,0.05851192143,0.3879724911,285.4813692,1565.506147,288.2343727,0.0,0.402,-5.95
0.3665476739,-0.4447329044,0.6218618155,13.60780037,0.009873052968,0.04411782516,0.3444578597,285.5061526,1559.701184,287.9668041,0.0,0.357,-5.8
0.3695398569,-0.4459915459,0.6251951456,13.60780037,0.009873052968,0.04411782516,0.3444578597,285.5061526,1559.701184,287.9668041,0.0,0.357,-5.8
0.3704825938,-0.4493248761,0.6226397157,13.60780037,0.009873052968,0.04411782516,0.3444578597,285.5061526,1559.701184,287.9668041,0.0,0.357,-5.8
0.3550915718,-0.4406282604,0.6114125848,13.61884774,0.02245496555,0.0289594783,0.29902798,285.5387538,1556.40632,287.8146012,0.0,0.311,-5.62
0.3576173484,-0.4402498901,0.6147459149,13.61884774,0.02245496555,0.0289594783,0.29902798,285.5387538,1556.40632,287.8146012,0.0,0.311,-5.62
0.3542840183,-0.4369165003,0.6149332523,13.61884774,0.02245496555,0.0289594783,0.29902798,285.5387538,1556.40632,287.8146012,0.0,0.311,-5.62
0.3545149565,-0.4343545437,0.6182665825,13.61884774,0.02245496555,0.0289594783,0.29902798,285.5387538,1556.40632,287.8146012,0.0,0.311,-5.62
0.3410403728,-0.431337446,0.608456552,13.62926996,0.03072674027,0.01300661349,0.2524511011,285.5806573,1552.522604,287.6348863,0.0,0.264,-5.4
0.3276173472,-0.4158393145,0.6218618155,13.61367537,0.0833080358,0.01663873456,0.2759324944,285.6759372,1559.449899,287.9552047,0.0,0.298,-5.5
0.3242840171,-0.413382262,0.6243240237,13.61367537,0.0833080358,0.01663873456,0.2759324944,285.6759372,1559.449899,287.9552047,0.0,0.298,-5.5
0.3255170882,-0.4121389687,0.6276573539,13.61367537,0.0833080358,0.01663873456,0.2759324944,285.6759372,1559.449899,287.9552047,0.0,0.298,-5.5
0.3393964469,-0.4222378731,0.6199812889,13.61113384,0.06608067642,0.02455293743,0.3002931574,285.6163212,1562.606282,288.1008022,0.0,0.318,-5.59
0.3259506822,-0.41917485,0.6150827408,13.62575604,0.06718877791,0.007465661407,0.2451650942,285.6734913,1554.392111,287.7214378,0.0,0.264,-5.37
0.2969667614,-0.4086534977,0.6246163845,13.62960686,0.1457294286,0.03383347053,0.150880988,285.7233173,1552.708192,287.6434819,0.0,0.222,-5.14
0.3159506917,-0.4126728475,0.6210507154,13.61813484,0.1004376052,0.02524125425,0.2555628423,285.6858771,1558.059362,287.8909919,0.0,0.285,-5.45
0.3059506714,-0.4117901027,0.6193026304,13.62456407,0.113350856,0.03395783421,0.2293913751,285.6908218,1556.418513,287.8151649,0.0,0.268,-5.37
0.2869383097,-0.408585012,0.6245992184,13.63773254,0.1406787453,0.0416816199,0.1121710937,285.7170001,1552.535755,287.6354954,0.0,0.194,-4.97
0.2708298862,-0.4030804932,0.6392929554,13.65612728,0.1756301926,0.06907251542,-0.04653594938,285.8125468,1556.955139,287.8399701,0.0,0.204,-4.98
0.2660416663,-0.4019733965,0.6438097358,13.6611683,0.1415464921,0.1149330344,0.02406222628,285.7355087,1562.951232,288.1167007,0.0,0.194,-4.89
0.2754546702,-0.4047547877,0.6341800094,13.6458923,0.1525793351,0.07312263211,0.06537912907,285.7034781,1557.285308,287.8552288,0.0,0.191,-4.92
0.1306697279,-0.5266513228,0.5783539414,13.64128282,-0.01226688031,0.05709316212,0.2459611303,285.6704887,1542.444398,287.1669499,0.0,0.262,-5.44
0.1223592386,-0.5325335264,0.584071815,13.64183477,-0.03038752869,0.0613403636,0.2413586148,285.7036931,1544.278957,287.2522998,0.0,0.26,-5.41
0.1137037501,-0.5515230298,0.590028882,13.64150012,-0.02115985904,0.02360417924,0.1774161806,285.7600493,1541.585018,287.1269424,0.0,0.19,-5.01
0.1219024137,-0.5430886149,0.5840693116,13.64183458,-0.02425687153,0.04041663476,0.2126167047,285.726739,1542.012125,287.146828,0.0,0.227,-5.24
0.1655557305,-0.405968219,0.6335434318,13.61805571,-0.1698389464,0.02747703204,0.2561413794,285.7047523,1545.258813,287.2978549,0.0,0.318,-5.67
0.1383321434,-0.4396196902,0.5969817638,13.63450058,-0.08066026355,0.1239627064,0.2579680023,285.6118186,1541.468856,287.1215334,0.0,0.307,-5.67
0.1440205574,-0.4329530001,0.6000862718,13.63762901,-0.08080895602,0.1070920559,0.2565940067,285.6476665,1543.673308,287.2241314,0.0,0.299,-5.61
0.1476173401,-0.4267498553,0.6051951051,13.63663908,-0.09390178036,0.08475331403,0.2675654679,285.6362408,1542.525687,287.1707334,0.0,0.306,-5.66
0.1442840099,-0.4297451079,0.6034196019,13.63663908,-0.09390178036,0.08475331403,0.2675654679,285.6362408,1542.525687,287.1707334,0.0,0.306,-5.66
0.1473538876,-0.4312805235,0.6000862718,13.63663908,-0.09390178036,0.08475331403,0.2675654679,285.6362408,1542.525687,287.1707334,0.0,0.306,-5.66
0.1506872177,-0.4312805235,0.5984091163,13.63948601,-0.08683311866,0.09106495125,0.2565215481,285.6279284,1540.084609,287.0570525,0.0,0.295,-5.62
0.1559506655,-0.4129649699,0.6216287017,13.62839597,-0.1185649652,0.0328823012,0.3122506831,285.6554334,1545.44484,287.3065011,0.0,0.345,-5.8
0.1668990999,-0.4090257585,0.6254306436,13.63028214,-0.134914411,-0.0003860317661,0.2477195681,285.7117804,1542.298181,287.1601441,0.0,0.292,-5.57
0.1576173455,-0.416210264,0.6151951551,13.63682123,-0.1044022201,0.02855059215,0.2910424598,285.646224,1542.951318,287.1905411,0.0,0.32,-5.71
0.1542840153,-0.4189424813,0.612334311,13.63682123,-0.1044022201,0.02855059215,0.2910424598,285.646224,1542.951318,287.1905411,0.0,0.32,-5.71
0.1554177254,-0.4207897186,0.6090009809,13.63682123,-0.1044022201,0.02855059215,0.2910424598,285.646224,1542.951318,287.1905411,0.0,0.32,-5.71
0.1520843953,-0.4217376709,0.6090009809,13.63796939,-0.08985083397,0.05882510873,0.2822516894,285.6565985,1544.751784,287.274285,0.0,0.312,-5.66
0.1011303738,-0.5661600828,0.6032736897,13.64052847,-0.01707293289,0.005490143519,0.1379306911,285.8835565,1542.867487,287.1866402,-4.712691701,0.149,-4.68
0.1291491091,-0.5402534604,0.579194665,13.6446694,-0.05593930086,0.05869048368,0.2676791788,285.7919605,1543.378072,287.2103971,0.0,0.289,-5.53
0.1251508594,-0.55610466,0.58184582,13.64348603,-0.05570411218,0.02700006371,0.2059123909,285.8593778,1542.254239,287.1580987,0.0,0.225,-5.19
0.1143699586,-0.5644142032,0.5900464654,13.64302271,-0.06156932325,0.006772526614,0.1542630781,286.0093435,1543.397611,287.2113061,-4.727308739,0.176,-4.85
0.1777982712,-0.3993207812,0.7736978531,13.38672128,-0.207961397,0.173242465,-0.278248724,287.9780383,1577.460727,288.7830607,5.299244123,0.398,-5.15
0.1376173347,-0.4580662549,0.5851047039,13.63716213,-0.04575338863,0.1318467079,0.2677249883,285.6136173,1541.197405,287.1088921,0.0,0.312,-5.7
0.1365572065,-0.4547329247,0.5873988271,13.63716213,-0.04575338863,0.1318467079,0.2677249883,285.6136173,1541.197405,287.1088921,0.0,0.312,-5.7
0.1332238764,-0.4569745958,0.5879515409,13.63716213,-0.04575338863,0.1318467079,0.2677249883,285.6136173,1541.197405,287.1088921,0.0,0.312,-5.7
0.1398905367,-0.4505471885,0.5879756808,13.63599264,-0.05958267937,0.1301930068,0.2623646342,285.606917,1540.231276,287.0638866,0.0,0.308,-5.69
0.1332238764,-0.4536412656,0.5898308158,13.63705423,-0.0540201838,0.132795092,0.2649717266,285.624055,1543.335762,287.2084287,0.0,0.311,-5.68
0.1398905367,-0.4472138584,0.5903150439,13.63551128,-0.06700319834,0.1298327553,0.2612464363,285.617085,1542.442518,287.1668624,0.0,0.309,-5.67
0.1372720003,-0.4447329342,0.5936484337,13.63551128,-0.06700319834,0.1298327553,0.2612464363,285.617085,1542.442518,287.1668624,0.0,0.309,-5.67
0.1339386702,-0.4480662644,0.5931641459,13.63551128,-0.06700319834,0.1298327553,0.2612464363,285.617085,1542.442518,287.1668624,0.0,0.309,-5.67
0.1316654682,-0.4453015625,0.5964974761,13.63551128,-0.06700319834,0.1298327553,0.2612464363,285.617085,1542.442518,287.1668624,0.0,0.309,-5.67
0.13382788,-0.4763995707,0.5799700022,13.63962517,-0.02775786483,0.1260349773,0.2731084087,285.6333295,1543.286117,287.206119,0.0,0.312,-5.68
0.1342840046,-0.4647329152,0.5837391019,13.63818214,-0.03490575362,0.1298959077,0.2727662847,285.6221665,1542.248325,287.1578234,0.0,0.314,-5.7
0.1376173347,-0.4674135745,0.5809827447,13.63818214,-0.03490575362,0.1298959077,0.2727662847,285.6221665,1542.248325,287.1578234,0.0,0.314,-5.7
0.1371075362,-0.4707469046,0.5799434781,13.63818214,-0.03490575362,0.1298959077,0.2727662847,285.6221665,1542.248325,287.1578234,0.0,0.314,-5.7
0.1309612393,-0.4915451705,0.5785337687,13.64188019,-0.02369431737,0.112291349,0.2708865556,285.6675548,1544.639165,287.269049,0.0,0.304,-5.63
0.1317181438,-0.4863995612,0.5789126754,13.64059005,-0.02393342513,0.1197442379,0.2736864246,285.6483416,1544.159827,287.2467598,0.0,0.309,-5.66
0.2649615705,-0.4048295319,0.6339344978,13.65561563,0.1212094999,0.07516020675,0.04310802789,285.7064436,1557.355002,287.8584493,0.0,0.159,-4.69
0.259554714,-0.3994911611,0.6612066627,13.682769,0.1436249912,0.1208050582,-0.01901567619,286.7503823,1578.885768,288.8482586,0.0,0.198,-4.59
0.2584913671,-0.4004612863,0.6520488858,13.67594507,0.1259305628,0.1510893464,-0.005503429442,285.8960431,1569.922801,288.4374519,0.0,0.206,-4.89
0.2601343095,-0.4024061561,0.6420637965,13.67096665,0.1252746074,0.07641624943,-0.06472556155,285.8433935,1558.24263,287.8994574,0.0,0.17,-4.74
0.2501162887,-0.4006578028,0.6507086754,13.68650771,0.09919929972,0.1047122449,-0.05104709233,286.0117128,1565.118718,288.2165381,0.0,0.163,-4.61
0.2596359253,-0.3993312716,0.6647391319,13.68357456,0.09829580407,0.01853352512,0.001635597991,289.2823521,1586.655079,289.2029426,0.0,0.11,-3.52
0.2590374053,-0.3993202448,0.6657527089,13.68408658,0.05205801502,-0.01335379488,0.01145269619,290.7574238,1588.640878,289.2933891,24.68339891,0.065,-3.17
0.2859506607,-0.4114263952,0.6185816526,13.64021075,0.116080025,0.04809011456,0.1673426279,285.6933339,1554.745035,287.7377682,0.0,0.219,-5.11
0.295950681,-0.4114626944,0.6186536551,13.63228272,0.1187573454,0.04193370346,0.1981462382,285.6926638,1555.119919,287.7551116,0.0,0.244,-5.25
0.2769187093,-0.4085828662,0.6246039271,13.64572458,0.1247102926,0.04595489744,0.08059177916,285.7157499,1552.788641,287.6472076,0.0,0.165,-4.77
0.1805405617,-0.4030085504,0.6395849586,13.62925281,-0.2361530204,0.05581645955,0.05154309597,285.776043,1543.854041,287.2325381,0.0,0.258,-5.38
0.1897779703,-0.4020740688,0.643527925,13.64540301,-0.220622923,0.07091431492,-0.001701540473,285.829685,1547.961415,287.423391,0.0,0.241,-5.25
0.1748131663,-0.4049695134,0.6339989901,13.6293494,-0.1645078389,0.03771341472,0.2052769524,285.7095101,1544.599534,287.2672063,0.0,0.275,-5.48
0.1840026975,-0.4021124244,0.6431654692,13.63792111,-0.1881401424,0.09655353409,0.1389501223,285.6885289,1550.046071,287.5201112,0.0,0.263,-5.39
0.2021544576,-0.3994268179,0.6627852321,13.67422383,-0.1476049946,0.1589653189,2.321603883e-05,286.8217428,1575.342948,288.6860873,0.0,0.227,-4.76
0.2017175853,-0.3993188143,0.6659303904,13.67609113,-0.03959165555,0.01721551893,0.01066454825,290.4599753,1581.396099,288.9630029,23.34662657,0.054,-3.29
0.1927665919,-0.3993179202,0.6660712957,13.65570254,-0.03495219954,0.02174671618,0.05519948653,290.2895872,1574.756141,288.6592,22.20418165,0.078,-3.37
0.1954510957,-0.4020900726,0.6434007287,13.65629705,-0.1456698008,0.1052358932,0.08205381035,285.707472,1553.090445,287.6611836,0.0,0.207,-5.05
0.2070366442,-0.4004764855,0.6520957351,13.68052415,-0.1177053271,0.1199699231,-0.03006262528,285.9509583,1561.655846,288.0569838,0.0,0.18,-4.76
0.2006699592,-0.4021261036,0.6433217525,13.66234155,-0.1539768934,0.06965178438,-0.0430231291,285.8286749,1550.110292,287.5230892,0.0,0.184,-4.89
0.3792411089,-0.5263996124,0.6111590862,13.62724294,0.01972306566,0.0593880664,0.4358650291,285.5029817,1566.714951,288.2899966,0.0,0.45,-6.11
0.3742411137,-0.5263996124,0.6043685675,13.63288106,0.019671565,0.05603098057,0.4287820839,285.4995716,1561.524167,288.0509113,0.0,0.442,-6.11
0.3792411089,-0.516399622,0.6111590862,13.6251762,0.0148403565,0.06314618886,0.4325781586,285.4886634,1565.971162,288.2557745,0.0,0.447,-6.11
0.382363826,-0.5063995719,0.6161590815,13.62413575,-0.00184305241,0.06858077949,0.4222916445,285.4753963,1563.783749,288.1550598,0.0,0.437,-6.09
0.3702007234,-0.5263996124,0.5993686318,13.63270637,0.03053587882,0.05098932127,0.4308543359,285.5024671,1561.614545,288.0550792,0.0,0.445,-6.12
0.3598272502,-0.5357912779,0.5893960595,13.63827677,0.04708707644,0.03815442737,0.4253806284,285.5255897,1556.157933,287.8031174,0.0,0.439,-6.13
0.3652007282,-0.5263996124,0.5944324732,13.63676004,0.02897602113,0.04824050653,0.4255554508,285.4997351,1556.531751,287.8203997,0.0,0.439,-6.13
0.3546635807,-0.5372931361,0.585493803,13.64068731,0.04518696455,0.03661418341,0.4239370636,285.5205779,1551.848688,287.6036672,0.0,0.438,-6.15
0.3202567697,-0.566832006,0.5695024133,13.64754081,0.07630812629,0.001973438211,0.3545443241,285.7143777,1541.876148,287.1404975,-5.889827511,0.372,-5.91
0.3315976262,-0.5587567687,0.572866261,13.64590835,0.07752806185,0.008013914021,0.3863359028,285.6293285,1543.44587,287.2135512,0.0,0.404,-6.05
0.3487515748,-0.5471712947,0.5814651847,13.64293804,0.05811626283,0.02594497266,0.4112113863,285.5594244,1548.864658,287.46531,0.0,0.426,-6.12
0.3469334543,-0.537612617,0.580388248,13.64173842,0.05290049249,0.03184481384,0.4220716706,285.529777,1550.75624,287.5530381,0.0,0.436,-6.15
0.3122193813,-0.5676198006,0.5677238703,13.65348454,0.07990806563,0.00341568999,0.3449555421,285.7250586,1545.255626,287.2977068,-7.271195085,0.364,-5.86
0.3248577416,-0.5575799346,0.5707194209,13.64880835,0.08072359699,0.007198586985,0.3829523135,285.6342521,1544.913569,287.2818064,0.0,0.401,-6.03
0.3317483962,-0.5501285195,0.5729466677,13.64694613,0.07423167606,0.01566416619,0.4059197996,285.5760559,1546.977331,287.3776992,0.0,0.423,-6.11
0.3400025368,-0.5451285243,0.5766816735,13.64434702,0.06679208569,0.02083444997,0.4118044757,285.561186,1546.724932,287.3659766,0.0,0.427,-6.13
0.3859766126,-0.4963995814,0.6235284805,13.61437139,-0.008000534351,0.07088247122,0.4249818128,285.4707235,1566.959468,288.3012443,0.0,0.441,-6.09
0.3884236813,-0.4847328961,0.6318618059,13.60241262,-0.01335153267,0.07276869061,0.4314074046,285.4680201,1571.593689,288.5141682,0.0,0.447,-6.08
0.3898186386,-0.486255914,0.6351951361,13.60241262,-0.01335153267,0.07276869061,0.4314074046,285.4680201,1571.593689,288.5141682,0.0,0.447,-6.08
0.3900283575,-0.4895892441,0.6344740391,13.60241262,-0.01335153267,0.07276869061,0.4314074046,285.4680201,1571.593689,288.5141682,0.0,0.447,-6.08
0.38507846,-0.4863995612,0.6235284805,13.61275632,-0.01364671357,0.06769755353,0.4106556899,285.4663423,1563.822215,288.1568318,0.0,0.426,-6.05
0.3822748065,-0.4963995814,0.6163081527,13.62255756,-0.00719306646,0.06672563209,0.4087788511,285.4687122,1561.075235,288.0302057,0.0,0.424,-6.06
0.3872845471,-0.4763995707,0.633528471,13.60052088,-0.01881792666,0.06938880569,0.4176832071,285.4650519,1569.22446,288.4053705,0.0,0.433,-6.05
0.3820352554,-0.4685145617,0.6262958646,13.60994414,-0.02435555848,0.05928953998,0.3790452587,285.4628155,1559.953365,287.9784434,0.0,0.394,-5.96
0.3807708919,-0.4618479013,0.6289791465,13.59867603,-0.002319907686,0.06294755341,0.4004095185,285.4797825,1566.406827,288.2758211,0.0,0.415,-5.99
0.3768918812,-0.4580662549,0.6251951456,13.60843208,-0.008429373475,0.05176014802,0.3611556141,285.4804998,1558.829926,287.9265807,0.0,0.375,-5.89
0.3737383783,-0.4547329247,0.6226397157,13.60843208,-0.008429373475,0.05176014802,0.3611556141,285.4804998,1558.829926,287.9265807,0.0,0.375,-5.89
0.3723480999,-0.4555076361,0.6193063855,13.60843208,-0.008429373475,0.05176014802,0.3611556141,285.4804998,1558.829926,287.9265807,0.0,0.375,-5.89
0.3645066023,-0.4480662346,0.6151950955,13.61807314,0.00542709217,0.03797117981,0.3175550527,285.5048791,1555.782737,287.7857682,0.0,0.329,-5.71
0.3616413772,-0.4447329044,0.6147459149,13.61807314,0.00542709217,0.03797117981,0.3175550527,285.5048791,1555.782737,287.7857682,0.0,0.329,-5.71
0.36130023,-0.4476074278,0.6114125848,13.61807314,0.00542709217,0.03797117981,0.3175550527,285.5048791,1555.782737,287.7857682,0.0,0.329,-5.71
0.3517582417,-0.4406282604,0.6077551246,13.62748653,0.01646602796,0.02416704974,0.2731236986,285.536637,1552.96306,287.6552849,0.0,0.284,-5.51
0.3376173675,-0.426923126,0.611861825,13.62251614,0.05426137825,0.01687219433,0.2707620106,285.6125647,1556.704878,287.8284027,0.0,0.286,-5.48
0.3342839777,-0.4236519337,0.6138371825,13.62251614,0.05426137825,0.01687219433,0.2707620106,285.6125647,1556.704878,287.8284027,0.0,0.286,-5.48
0.3360631168,-0.4222378731,0.6171704531,13.62251614,0.05426137825,0.01687219433,0.2707620106,285.6125647,1556.704878,287.8284027,0.0,0.286,-5.48
0.3477070332,-0.4339616001,0.6115999222,13.62057047,0.04008744742,0.02825836691,0.2929592356,285.5660579,1557.505724,287.8654139,0.0,0.307,-5.58
0.3359507024,-0.4299135208,0.6068100929,13.63108578,0.04427266061,0.01179363807,0.2455996289,285.6083141,1552.098385,287.6152356,0.0,0.259,-5.37
0.3704825938,-0.4521743059,0.6193063855,13.60898135,0.01201889106,0.0502433793,0.3575602768,285.5011647,1559.619171,287.9630185,0.0,0.371,-5.86
0.358424902,-0.4442740977,0.6114125848,13.61914093,0.02392085054,0.0367489581,0.3134033985,285.5290994,1556.774261,287.8316098,0.0,0.326,-5.68
0.3443853855,-0.441318512,0.6010884643,13.6289053,0.03197663109,0.02273580947,0.2682542349,285.5632377,1553.218935,287.6671331,0.0,0.281,-5.49
0.347617358,-0.4405471981,0.6044217944,13.6289053,0.03197663109,0.02273580947,0.2682542349,285.5632377,1553.218935,287.6671331,0.0,0.281,-5.49
0.3442840278,-0.4372138679,0.6051232219,13.6289053,0.03197663109,0.02273580947,0.2682542349,285.5632377,1553.218935,287.6671331,0.0,0.281,-5.49
0.344373703,-0.4339616001,0.608456552,13.6289053,0.03197663109,0.02273580947,0.2682542349,285.5632377,1553.218935,287.6671331,0.0,0.281,-5.49
0.3142840266,-0.4156660736,0.6151951551,13.62895281,0.07907199149,0.01198416656,0.229589551,285.6865106,1553.181528,287.665401,0.0,0.253,-5.32
0.3173571527,-0.4185449779,0.611861825,13.62895281,0.07907199149,0.01198416656,0.229589551,285.6865106,1553.181528,287.665401,0.0,0.253,-5.32
0.3206904829,-0.4193095267,0.6119588017,13.62895281,0.07907199149,0.01198416656,0.229589551,285.6865106,1553.181528,287.665401,0.0,0.253,-5.32
0.3259506822,-0.4225122035,0.6100827456,13.62556828,0.06774951941,0.01851830631,0.2594594131,285.6349278,1556.132099,287.8019229,0.0,0.278,-5.44
0.3140238225,-0.4206350148,0.6075276136,13.63662206,0.0640807692,0.00308595028,0.2085908421,285.6843992,1549.0366,287.4732877,0.0,0.228,-5.21
0.3059506714,-0.4153358638,0.6135284901,13.63295753,0.08854084373,0.01736615261,0.2098802358,285.6939156,1551.937995,287.6078049,0.0,0.238,-5.24
0.295950681,-0.4146625996,0.6135284901,13.63787418,0.09363771431,0.02277610835,0.1882798006,285.6974057,1551.007277,287.5646746,0.0,0.221,-5.15
0.2553970814,-0.4049852192,0.6335150003,13.66291223,0.08859638632,0.07587594651,0.02560454655,285.7111536,1556.737629,287.8299166,0.0,0.129,-4.54
0.2538053095,-0.4021938741,0.642832458,13.67043749,0.09841054498,0.1123578229,0.01040047331,285.7451205,1562.382361,288.0904804,0.0,0.159,-4.65
0.2669459879,-0.4085997641,0.6245653033,13.65239279,0.1006445842,0.04806216902,0.05853684837,285.7168807,1552.770143,287.646351,0.0,0.136,-4.56
0.133574605,-0.5370052457,0.5769890547,13.64394793,-0.04264444838,0.05996529365,0.2666637789,285.7794109,1542.460347,287.1676922,0.0,0.286,-5.53
0.1300385296,-0.5440366268,0.578707993,13.64293064,-0.03370890483,0.04113055756,0.2259674843,285.7819122,1541.064533,287.1027037,0.0,0.242,-5.31
0.1241835579,-0.567694664,0.5821900368,13.64145745,-0.02336905905,0.006948407824,0.1310758818,285.9097321,1539.571964,287.0331615,-4.021475839,0.143,-4.65
0.1286702007,-0.5622602701,0.5794889331,13.64263227,-0.03911471691,0.02008645854,0.1833411591,285.8646762,1540.257632,287.0651146,0.0,0.198,-5.04
0.1769335717,-0.4086535871,0.624695003,13.63799538,-0.1220846795,0.004824138348,0.2150928579,285.7193345,1542.113512,287.1515479,0.0,0.257,-5.4
0.1587510556,-0.4207897186,0.6077300906,13.64233675,-0.09337661332,0.03354760811,0.2728921637,285.6384196,1540.769385,287.0889561,0.0,0.3,-5.64
0.1476173401,-0.4380662441,0.5938526988,13.63996162,-0.07247962507,0.1096036315,0.2508085803,285.6378801,1541.118989,287.10524,0.0,0.293,-5.6
0.1473538876,-0.434732914,0.5968623757,13.63996162,-0.07247962507,0.1096036315,0.2508085803,285.6378801,1541.118989,287.10524,0.0,0.293,-5.6
0.1440205574,-0.43628636,0.5969817638,13.63996162,-0.07247962507,0.1096036315,0.2508085803,285.6378801,1541.118989,287.10524,0.0,0.293,-5.6
0.1542840004,-0.4271221161,0.6018618345,13.64240996,-0.07971524721,0.06357627963,0.2654473193,285.6499572,1542.255534,287.158159,0.0,0.294,-5.6
0.1554177254,-0.4239078462,0.6051951647,13.64240996,-0.07971524721,0.06357627963,0.2654473193,285.6499572,1542.255534,287.158159,0.0,0.294,-5.6
0.1587510556,-0.4235697687,0.6043967605,13.64240996,-0.07971524721,0.06357627963,0.2654473193,285.6499572,1542.255534,287.158159,0.0,0.294,-5.6
0.1559506655,-0.4304379225,0.5975646377,13.6451238,-0.07093947417,0.0713303226,0.2534459035,285.6432502,1539.995237,287.0528879,0.0,0.282,-5.56
0.1659506708,-0.4201051295,0.606834054,13.64765567,-0.07595371055,0.01667968967,0.2645379464,285.6477999,1540.484112,287.0756666,0.0,0.285,-5.57
0.1659506708,-0.4156471491,0.6135284901,13.64262592,-0.08925898693,0.01549071494,0.2781402431,285.6566239,1542.340147,287.1620975,0.0,0.302,-5.63
0.1659506708,-0.4119415879,0.6196027398,13.63511436,-0.1079498618,0.02565465055,0.2933697447,285.6653603,1544.619209,287.2681211,0.0,0.323,-5.71
0.1453272551,-0.5374112129,0.5719970465,13.64603523,-0.06222732365,0.06253037365,0.3100163283,285.7940253,1543.178712,287.2011218,0.0,0.332,-5.72
0.1366549283,-0.5469399691,0.5755637884,13.64600801,-0.07379242153,0.04406064018,0.2827157606,285.825788,1542.34804,287.1624649,0.0,0.305,-5.6
0.1325325221,-0.557741046,0.5774748325,13.64627686,-0.08811715743,0.02339594532,0.2557815866,285.8939044,1542.207581,287.1559268,0.0,0.281,-5.47
0.1337559819,-0.5655275583,0.5771706104,13.64636553,-0.09520321097,0.005920376977,0.219082038,286.0105311,1542.306311,287.1605225,-5.15971229,0.249,-5.29
0.1405038387,-0.556751132,0.5738352537,13.64474319,-0.06785295584,0.02632668156,0.251004684,285.8851953,1540.592256,287.0807047,0.0,0.271,-5.44
0.1442840099,-0.4547329247,0.583810091,13.64189978,-0.04101913839,0.1279095835,0.2590236995,285.649083,1541.013411,287.1003227,0.0,0.301,-5.64
0.1476173401,-0.457609266,0.5810294747,13.64189978,-0.04101913839,0.1279095835,0.2590236995,285.649083,1541.013411,287.1003227,0.0,0.301,-5.64
0.1470137984,-0.4609425366,0.5795677304,13.64189978,-0.04101913839,0.1279095835,0.2590236995,285.649083,1541.013411,287.1003227,0.0,0.301,-5.64
0.145950675,-0.44859761,0.5867102742,13.64131783,-0.05258077613,0.1228754006,0.2524016921,285.6381618,1539.952035,287.0508747,0.0,0.295,-5.62
0.145950675,-0.4435976148,0.590111196,13.64052152,-0.06095250337,0.1213338142,0.2517510838,285.6483879,1542.079694,287.1499736,0.0,0.296,-5.61
0.1436804682,-0.4640802443,0.5795677304,13.64252102,-0.0328053978,0.1290406069,0.2659744969,285.6618873,1542.221758,287.1565868,0.0,0.307,-5.66
0.2570202947,-0.4086127281,0.6245261431,13.65765403,0.07414587717,0.04932500016,0.04529922984,285.7157399,1552.656154,287.6410718,0.0,0.11,-4.56
0.2472676188,-0.3996134996,0.659121871,13.68945862,0.07934939401,0.1509720083,-0.01823699122,286.297559,1576.698318,288.7481611,0.0,0.181,-4.59
0.2459899187,-0.3993815482,0.6628229618,13.69121641,0.06942925123,0.1354158023,-0.01448256736,287.1939512,1581.360218,288.9613638,0.0,0.162,-4.24
0.2414994538,-0.4024245143,0.6418138146,13.67958938,0.05827111724,0.07570778268,-0.07587195939,285.8408924,1557.341867,287.8578424,0.0,0.132,-4.5
0.2467331588,-0.4019916952,0.6436648965,13.6752464,0.06057994176,0.1089968967,-2.73110651e-05,285.7491689,1561.094179,288.0310795,0.0,0.134,-4.5
0.2382659465,-0.4005823731,0.6511937976,13.69045997,0.03109302016,0.127010471,-0.04003329869,285.9337127,1566.67541,288.2881776,0.0,0.146,-4.48
0.2457553446,-0.399341464,0.6642357707,13.69118081,0.06052818385,0.07601040757,-0.002807843851,288.507403,1583.344809,289.051982,0.0,0.107,-3.72
0.2454343438,-0.3993215263,0.6656392813,13.69139289,0.03135324577,0.00630534324,-0.001660561543,290.3683895,1585.068406,289.130614,24.35034457,0.042,-3.29
0.2859506607,-0.4145879149,0.6135284901,13.64311971,0.09312166935,0.02674214269,0.1672718676,285.6987395,1550.670294,287.5490538,0.0,0.203,-5.04
0.2759506702,-0.4114263952,0.6185816526,13.64779788,0.1055582112,0.05276519964,0.1406230782,285.6937034,1554.741205,287.737591,0.0,0.193,-4.95
0.1852532625,-0.404777348,0.6341007352,13.64140914,-0.1483426136,0.04744861616,0.1541086451,285.7067878,1545.76539,287.321398,0.0,0.229,-5.23
0.1949431002,-0.4047480226,0.6341910362,13.65289073,-0.1209063841,0.05624651857,0.1067329176,285.7048821,1547.868548,287.41908,0.0,0.18,-4.91
0.1869759858,-0.4086036682,0.6245476007,13.64594988,-0.1078091005,0.01295608993,0.1780928145,285.721677,1542.977975,287.1917816,0.0,0.218,-5.18
0.2155417651,-0.3994859159,0.6612632871,13.6904146,-0.07760774039,0.1485394051,-0.01680484352,286.5748299,1576.463242,288.7373979,0.0,0.178,-4.51
0.214984864,-0.3993326426,0.6646819711,13.69169724,-0.05524656003,0.05950624169,-0.0001728398986,288.8746538,1583.020294,289.0371702,0.0,0.091,-3.64
0.2155451179,-0.3993204236,0.6657369733,13.69207862,-0.03056059292,0.002212584309,0.006191533962,290.4962015,1584.603351,289.1094041,24.42172736,0.041,-3.26
0.2068587542,-0.4022184908,0.6426945925,13.66656488,-0.1005686839,0.1029568747,0.04833201181,285.7139374,1554.882598,287.7441327,0.0,0.161,-4.72
0.2142506689,-0.4019266367,0.6440169215,13.67429338,-0.05858004249,0.1073498719,0.02319533098,285.728659,1557.42655,287.8617555,0.0,0.134,-4.53
0.2219360322,-0.4005076885,0.6515470743,13.68849922,-0.04042373549,0.1386925302,-0.02639251274,285.9,1566.090202,288.2612524,0.0,0.156,-4.57
0.2108577937,-0.4030554891,0.6393914819,13.67063533,-0.0961024675,0.06588839346,-0.06292046022,285.8129263,1551.111418,287.5695016,0.0,0.142,-4.58
0.2202662528,-0.4021112025,0.6432115436,13.68252401,-0.055240795,0.08501159399,-0.06835126949,285.8410684,1555.705307,287.7821874,0.0,0.132,-4.51
0.2050803006,-0.4048392773,0.6339031458,13.66157269,-0.08763350388,0.06168170542,0.0764996545,285.7035954,1550.076167,287.5215068,0.0,0.141,-4.6
0.1759506762,-0.4115041494,0.6187358499,13.64278187,-0.09616171897,0.02236657236,0.2676121633,285.6729739,1544.167254,287.2471052,0.0,0.295,-5.59
0.3742411137,-0.516399622,0.6043686271,13.63103975,0.0142556653,0.05956227718,0.4232363579,285.4862169,1560.541735,288.0055939,0.0,0.437,-6.11
0.3792411089,-0.5063996315,0.6111590862,13.62342622,0.009954893143,0.06355859995,0.4216958389,285.4820975,1563.774009,288.1546111,0.0,0.436,-6.08
0.3702007234,-0.5163995624,0.5993685722,13.63105765,0.0240379188,0.05431517613,0.4220650244,285.4949687,1560.484487,288.0029524,0.0,0.436,-6.1
0.3598473072,-0.5263996124,0.589432478,13.63731665,0.03718469336,0.04297468453,0.4234066038,285.5101044,1555.780719,287.7856749,0.0,0.437,-6.13
0.3652007282,-0.5163995624,0.5944324732,13.63538284,0.02190767434,0.05130547367,0.4148072505,285.4927902,1555.850543,287.7889038,0.0,0.428,-6.1
0.354847312,-0.5263995528,0.5856704712,13.63999822,0.03477396242,0.04093733522,0.4199717843,285.5074973,1552.186039,287.6192962,0.0,0.433,-6.14
0.3019728959,-0.566444993,0.5667023063,13.65201798,0.06614391561,-0.0001137986334,0.3595543362,285.7061611,1540.405699,287.0720134,-5.59135729,0.375,-5.94
0.3182034791,-0.54615134,0.5688830614,13.64740095,0.07332385904,0.009097062679,0.4087751758,285.5755577,1543.515419,287.2167867,0.0,0.425,-6.14
0.3115728498,-0.5578551292,0.5676477551,13.65052831,0.0758923176,0.003691451184,0.3884917387,285.6259458,1542.484337,287.1688088,0.0,0.405,-6.06
0.3272175789,-0.5461763144,0.571400702,13.64605636,0.07084232579,0.01538818435,0.4118937673,285.564359,1544.787207,287.2759319,0.0,0.428,-6.15
0.3421220183,-0.5358327627,0.5776268244,13.64293237,0.05104436304,0.03010072294,0.4211928772,285.5269961,1548.334043,287.4406867,0.0,0.435,-6.16
0.3473465443,-0.5263996124,0.580670476,13.64113564,0.04072509107,0.03577323994,0.4153693912,285.5216474,1550.819622,287.5559762,0.0,0.428,-6.12
0.2909853756,-0.5675156713,0.5662858486,13.66105297,0.06069035784,0.002017878602,0.3406265937,285.7194873,1544.840974,287.2784315,-6.949742068,0.356,-5.83
0.3114624321,-0.5456386805,0.567509532,13.65136639,0.07383476578,0.008887818838,0.3969216948,285.5896832,1545.333327,287.3013183,0.0,0.413,-6.08
0.301677227,-0.5586307049,0.5665110946,13.65560004,0.07174934095,0.002405007559,0.3760005042,285.643408,1543.58225,287.2198956,0.0,0.392,-6.0
0.3346581161,-0.5383915901,0.5742032528,13.64439732,0.05583820312,0.02483885366,0.4168022205,285.5396171,1547.261585,287.3908996,0.0,0.431,-6.15
0.3250816464,-0.5378884673,0.570741713,13.6463996,0.05911023728,0.01931669504,0.4106192399,285.5537836,1546.22039,287.3425391,0.0,0.425,-6.13
0.3189661801,-0.5366289616,0.5690245628,13.64891762,0.06029155443,0.0136555806,0.4026289659,285.5684772,1545.32915,287.3011241,0.0,0.417,-6.1
0.3843045533,-0.4780662358,0.6251951456,13.61128368,-0.0192258961,0.06375288811,0.3949169423,285.4638257,1561.374208,288.0439954,0.0,0.41,-6.01
0.3823661804,-0.4747329056,0.6229625344,13.61128368,-0.0192258961,0.06375288811,0.3949169423,285.4638257,1561.374208,288.0439954,0.0,0.41,-6.01
0.3812815845,-0.476806879,0.6196292043,13.61128368,-0.0192258961,0.06375288811,0.3949169423,285.4638257,1561.374208,288.0439954,0.0,0.41,-6.01
0.381816417,-0.4863995612,0.6170765758,13.62124779,-0.01296700542,0.06326580266,0.3921167431,285.4647712,1558.607758,287.9163211,0.0,0.407,-6.02
0.3791441023,-0.4963996112,0.6113081574,13.6218938,0.005167954516,0.06208014013,0.4064586975,285.478699,1560.795573,288.0173049,0.0,0.421,-6.05
0.3782585561,-0.4647329152,0.6218618155,13.60961735,-0.005162857293,0.05662640467,0.3758780949,285.4786656,1559.324312,287.949407,0.0,0.39,-5.94
0.3801944256,-0.4651812315,0.6251951456,13.60961735,-0.005162857293,0.05662640467,0.3758780949,285.4786656,1559.324312,287.949407,0.0,0.39,-5.94
0.380374223,-0.4685145617,0.6229625344,13.60961735,-0.005162857293,0.05662640467,0.3758780949,285.4786656,1559.324312,287.949407,0.0,0.39,-5.94
0.3723480999,-0.4588409662,0.6164364219,13.61818096,-0.01065149819,0.04594877268,0.3363559358,285.4796797,1555.653923,287.7798111,0.0,0.349,-5.8
0.36130023,-0.450940758,0.6081398129,13.62633616,0.001445460693,0.03296619401,0.2931738777,285.5036479,1553.33978,287.6727282,0.0,0.305,-5.62
0.3665721416,-0.4547329247,0.611861825,13.61854817,0.007465126782,0.04406085995,0.3330687075,285.4998007,1555.859195,287.7893039,0.0,0.346,-5.78
0.3695559204,-0.4555076361,0.6151951551,13.61854817,0.007465126782,0.04406085995,0.3330687075,285.4998007,1555.859195,287.7893039,0.0,0.346,-5.78
0.3700239956,-0.4588409662,0.6131030917,13.61854817,0.007465126782,0.04406085995,0.3330687075,285.4998007,1555.859195,287.7893039,0.0,0.346,-5.78
0.354534477,-0.4511164725,0.601473093,13.62718963,0.01778276181,0.03127068507,0.2897086241,285.5272069,1553.583365,287.6840053,0.0,0.302,-5.6
0.3576173484,-0.4506576359,0.6048064828,13.62718963,0.01778276181,0.03127068507,0.2897086241,285.5272069,1553.583365,287.6840053,0.0,0.302,-5.6
0.3542840183,-0.4473243058,0.6044217944,13.62718963,0.01778276181,0.03127068507,0.2897086241,285.5272069,1553.583365,287.6840053,0.0,0.302,-5.6
0.3550915718,-0.4442740977,0.6077551246,13.62718963,0.01778276181,0.03127068507,0.2897086241,285.5272069,1553.583365,287.6840053,0.0,0.302,-5.6
0.3410520554,-0.4413185418,0.5984581113,13.63515566,0.02496785,0.01850850964,0.2465906843,285.5605062,1550.297834,287.5317854,0.0,0.258,-5.39
0.3242840171,-0.4258112013,0.6051951647,13.63345989,0.05551788345,0.0114453288,0.2372335478,285.6311549,1551.183542,287.5728444,0.0,0.254,-5.35
0.3252486885,-0.4290751517,0.6018618345,13.63345989,0.05551788345,0.0114453288,0.2372335478,285.6311549,1551.183542,287.5728444,0.0,0.254,-5.35
0.3285820186,-0.4294803143,0.6029759049,13.63345989,0.05551788345,0.0114453288,0.2372335478,285.6311549,1551.183542,287.5728444,0.0,0.254,-5.35
0.3359507024,-0.4346720278,0.6018101573,13.63096433,0.0456569649,0.0218170257,0.2619275603,285.5885511,1552.990626,287.6565614,0.0,0.276,-5.46
0.3219153583,-0.4309943914,0.5981223583,13.6390918,0.04584261056,0.006450982574,0.2178945414,285.6267478,1547.761301,287.4141013,0.0,0.232,-5.25
0.3477187157,-0.4444498122,0.6010884643,13.62873812,0.03306048043,0.02998741991,0.2852013615,285.5518442,1553.983235,287.702515,0.0,0.298,-5.57
0.3359507024,-0.4396719933,0.597027123,13.63671678,0.03704474485,0.01672444061,0.2420867083,285.5853812,1549.47452,287.4936031,0.0,0.255,-5.37
0.3206904829,-0.421469003,0.6086255312,13.62953979,0.078737352,0.02138334256,0.2450107161,285.6516201,1554.971836,287.7482612,0.0,0.268,-5.39
0.3059506714,-0.4199453294,0.6066249013,13.63931136,0.07132701816,0.005525469767,0.195133769,285.6940519,1547.944478,287.4226048,0.0,0.217,-5.15
0.317617327,-0.4263939559,0.6018617749,13.63638426,0.0643531943,0.01190015791,0.2269603565,285.6485606,1549.928008,287.5146361,0.0,0.246,-5.31
0.3142839968,-0.4234658182,0.6041942835,13.63638426,0.0643531943,0.01190015791,0.2269603565,285.6485606,1549.928008,287.5146361,0.0,0.246,-5.31
0.3173571527,-0.421469003,0.6075276136,13.63638426,0.0643531943,0.01190015791,0.2269603565,285.6485606,1549.928008,287.5146361,0.0,0.246,-5.31
0.295950681,-0.4195994735,0.6061724424,13.64245173,0.07606823741,0.007837923129,0.1802288298,285.6995433,1547.369134,287.3958935,0.0,0.205,-5.08
0.2859506607,-0.4195610881,0.6061221957,13.64586536,0.07760399085,0.009516319388,0.1654379302,285.7020108,1547.214425,287.3887097,0.0,0.193,-5.0
0.2759506702,-0.4145879149,0.6135284901,13.648262,0.08745247162,0.02926574332,0.1487307199,285.6992666,1550.613088,287.5464017,0.0,0.185,-4.93
0.2469936609,-0.4086039066,0.6245467067,13.66135569,0.04856603129,0.04813756097,0.03980183019,285.7149445,1552.211894,287.6204939,0.0,0.089,-4.57
0.2458305806,-0.4046788514,0.6344248652,13.66797805,0.05372064055,0.07599697507,0.01924955924,285.7138979,1555.928459,287.7925068,0.0,0.105,-4.54
0.2659506798,-0.4114263952,0.6185816526,13.65430005,0.08871607537,0.05523035759,0.1209944082,285.6939003,1554.646274,287.7331986,0.0,0.169,-4.79
0.2323969007,-0.402095288,0.6434170604,13.68297807,0.004478416894,0.08561617629,-0.06329630959,285.8268005,1557.407982,287.8608975,0.0,0.116,-4.51
0.1497972757,-0.5463925004,0.5705943704,13.64658639,-0.07702508318,0.04383240549,0.3118408261,285.8192496,1541.593238,287.1273252,0.0,0.334,-5.74
0.1542840153,-0.434732914,0.5942336917,13.64512265,-0.06023820161,0.09318657874,0.2467668575,285.6577098,1540.946897,287.0972246,0.0,0.28,-5.54
0.1576173455,-0.437251538,0.59101969,13.64512265,-0.06023820161,0.09318657874,0.2467668575,285.6577098,1540.946897,287.0972246,0.0,0.28,-5.54
0.1553668529,-0.4405848682,0.5888521075,13.64512265,-0.06023820161,0.09318657874,0.2467668575,285.6577098,1540.946897,287.0972246,0.0,0.28,-5.54
0.1659506708,-0.4242294133,0.6018341184,13.64762817,-0.06498244484,0.04361966729,0.2616006873,285.6590383,1541.992322,287.1459061,0.0,0.283,-5.55
0.158700183,-0.4405848682,0.5879032612,13.64608419,-0.05166496687,0.09837451251,0.2437452252,285.649761,1538.886548,287.0012095,0.0,0.277,-5.54
0.1659506708,-0.4292294085,0.5963534117,13.64995549,-0.05471057803,0.05156395802,0.2502420574,285.6539548,1539.95367,287.0509509,0.0,0.271,-5.5
0.1759506613,-0.4196433127,0.6062297225,13.65249577,-0.05864404654,0.003499416856,0.2532593233,285.6558026,1540.663409,287.0840194,0.0,0.27,-5.49
0.1759506613,-0.4147478938,0.6135284901,13.64823509,-0.07389870059,0.007701559396,0.2609222153,285.6650586,1542.254549,287.1581131,0.0,0.281,-5.53
0.1535772085,-0.5361363888,0.5694563985,13.64847966,-0.07319838747,0.05836460776,0.331288533,285.7730938,1543.482642,287.2152619,0.0,0.354,-5.82
0.1596824378,-0.5486454368,0.5680990219,13.65052513,-0.09739111819,0.03685222157,0.3247942272,285.7717966,1542.534261,287.1711324,0.0,0.351,-5.81
0.149378106,-0.5589359403,0.5707738996,13.64881905,-0.1047814224,0.02032480503,0.2917258864,285.8534455,1541.734355,287.1338959,0.0,0.32,-5.67
0.1594546139,-0.5673422217,0.5680687428,13.65285158,-0.1217828202,0.005600620073,0.2604312874,285.8885583,1542.449981,287.1672098,-6.018761246,0.297,-5.55
0.1530253589,-0.5672174096,0.5698684454,13.6461494,-0.09414046303,0.005754525108,0.2534019095,285.9653273,1540.228384,287.0637519,-4.815514619,0.28,-5.46
0.1559506655,-0.4544069767,0.5800564289,13.64632117,-0.03344515903,0.118941819,0.254898387,285.6797611,1540.668043,287.0842353,0.0,0.293,-5.6
0.1576173306,-0.4480662346,0.5832739472,13.64606496,-0.04175367949,0.1112378912,0.2468627709,285.6642328,1539.692556,287.038782,0.0,0.284,-5.56
0.1553668529,-0.4447329044,0.5860317349,13.64606496,-0.04175367949,0.1112378912,0.2468627709,285.6642328,1539.692556,287.038782,0.0,0.284,-5.56
0.1520335227,-0.4451827109,0.5866569281,13.64606496,-0.04175367949,0.1112378912,0.2468627709,285.6642328,1539.692556,287.038782,0.0,0.284,-5.56
0.1520335227,-0.4418493807,0.5888521671,13.64542952,-0.05173683767,0.1078942533,0.2467225655,285.6731112,1541.732358,287.1338029,0.0,0.284,-5.55
0.2559506893,-0.411426425,0.6185817122,13.65944813,0.0685596228,0.0553502388,0.1099289104,285.6938217,1554.446093,287.7239358,0.0,0.15,-4.65
0.2294324189,-0.3995968103,0.6595021486,13.69462308,-0.006108450893,0.1494290759,-0.02289937329,286.2688268,1574.973558,288.6691629,0.0,0.161,-4.47
0.2296007723,-0.3993860483,0.6626884341,13.69562047,-0.002310233427,0.1356633575,-0.01537252675,287.1498403,1580.773441,288.9345547,0.0,0.146,-4.14
0.2354722172,-0.404930681,0.6336948872,13.66994615,0.01610049498,0.07240829787,0.01661428915,285.7123864,1554.714021,287.7363332,0.0,0.086,-4.55
0.2244569808,-0.4023462832,0.6422874331,13.67752599,-0.01811433845,0.1079046656,0.009000168124,285.7428735,1558.837979,287.9269525,0.0,0.119,-4.52
0.2298419178,-0.3993429542,0.6641709208,13.69604807,-0.002289914757,0.07470776885,-0.004775626912,288.4795865,1582.988725,289.0357292,0.0,0.084,-3.73
0.230091989,-0.3993217647,0.66562289,13.69609629,-0.0002195349063,0.003576968439,-0.001260113595,290.381144,1585.14971,289.1343215,24.58839779,0.013,-3.28
0.2659506798,-0.4145879149,0.6135284901,13.65294902,0.07713824485,0.02967929455,0.135220918,285.6991265,1550.698007,287.5503385,0.0,0.168,-4.81
0.197023496,-0.4086148143,0.6245214939,13.65289086,-0.08898245862,0.0215782188,0.1345763604,285.723647,1544.402852,287.2580611,0.0,0.172,-4.87
0.1859506816,-0.4114263952,0.6185816526,13.65039696,-0.08187456139,0.02263716915,0.237685983,285.6789324,1544.839275,287.2783525,0.0,0.262,-5.42
0.2161348313,-0.4045699537,0.6347122192,13.66685961,-0.05364884166,0.06616655825,0.04663566167,285.7070805,1552.13909,287.6171213,0.0,0.107,-4.57
0.2256057411,-0.4049853981,0.6335000396,13.66996522,-0.01784515765,0.07082738038,0.02708829747,285.7107437,1553.806477,287.6943334,0.0,0.088,-4.56
0.2069693506,-0.4086078107,0.6245421171,13.65831608,-0.06392964266,0.02951915906,0.1006413191,285.7232932,1546.414656,287.351564,0.0,0.132,-4.6
0.2169439793,-0.4085964561,0.6245675683,13.66208057,-0.03822925515,0.03751740268,0.07805121321,285.7187252,1548.642619,287.455007,0.0,0.104,-4.59
0.195950672,-0.4114263952,0.6185816526,13.65717918,-0.06452935575,0.02626201378,0.2055040176,285.6835129,1546.283113,287.345453,0.0,0.227,-5.22
0.3742411137,-0.5063995719,0.6043685675,13.62956252,0.009042227243,0.05982240946,0.410146651,285.4800441,1558.776034,287.9240921,0.0,0.424,-6.07
0.3702007234,-0.5063995719,0.5993685722,13.6296911,0.0187562144,0.05479410904,0.4072369525,285.4920167,1558.454683,287.9092516,0.0,0.421,-6.06
0.3598473072,-0.516399622,0.589432478,13.63608195,0.02949271478,0.04611554946,0.4110328811,285.5064203,1555.013445,287.7501861,0.0,0.424,-6.09
0.3652007282,-0.5063995719,0.5944324732,13.63428783,0.01620857099,0.05155987895,0.3979294871,285.4900347,1554.676774,287.7346098,0.0,0.411,-6.05
0.354847312,-0.516399622,0.5856704712,13.63903094,0.0263279376,0.04370416134,0.4058259665,285.5042482,1552.218235,287.6207877,0.0,0.419,-6.09
0.2828567922,-0.5668769479,0.5662751794,13.65730144,0.03828617255,-0.001204221059,0.3531387392,285.7134301,1539.566725,287.0329173,-5.58206862,0.365,-5.9
0.292794317,-0.5598880649,0.5662900805,13.65553458,0.06081385613,-0.001477331619,0.383819149,285.6344875,1541.242869,287.1110094,0.0,0.398,-6.04
0.3069366813,-0.5381377339,0.566998601,13.6497624,0.05791816785,0.004751025865,0.3973781069,285.580584,1543.355677,287.2093552,0.0,0.411,-6.09
0.3139298856,-0.5383239985,0.5679842234,13.64777638,0.05874750974,0.01090930558,0.4053085522,285.5658045,1544.311604,287.253818,0.0,0.419,-6.12
0.3025591969,-0.5477808714,0.5666419864,13.65375388,0.06614265364,0.003732264102,0.3946957929,285.5933291,1543.586066,287.2200731,0.0,0.41,-6.08
0.3473465443,-0.5163995624,0.580670476,13.64021088,0.0319246565,0.03856349237,0.400356937,285.5208102,1550.712294,287.5510008,0.0,0.413,-6.07
0.2714192867,-0.5669541359,0.5662751198,13.66749106,0.02636382562,0.0002961074263,0.3260701735,285.7363902,1548.159598,287.4325901,-8.236833053,0.337,-5.73
0.2808335125,-0.5590651631,0.5662751198,13.66106193,0.04730452671,-0.001801009666,0.3703000608,285.6442896,1543.12527,287.1986353,0.0,0.383,-5.97
0.3812815845,-0.4801402092,0.6179733872,13.62016985,-0.0187050459,0.05888151991,0.3742678158,285.4626302,1556.986211,287.8414062,0.0,0.389,-5.96
0.380374223,-0.4734735489,0.6196292043,13.61091449,-0.001498579277,0.06059385066,0.3915848365,285.4781076,1560.688229,288.0123527,0.0,0.406,-6.0
0.3786441088,-0.486399591,0.6120765805,13.62062855,0.0006045176566,0.0591764617,0.3890528551,285.4770648,1558.182158,287.8966642,0.0,0.403,-6.0
0.3741441071,-0.4963995814,0.6044911146,13.62829647,0.004038695527,0.05819593369,0.3926380908,285.4769178,1556.800781,287.8328356,0.0,0.407,-6.02
0.3756619692,-0.4680662453,0.6151951551,13.61879295,-0.007334024678,0.0510041702,0.3533181045,285.4775958,1555.787512,287.7859891,0.0,0.367,-5.88
0.3729050457,-0.4647329152,0.6131030917,13.61879295,-0.007334024678,0.0510041702,0.3533181045,285.4775958,1555.787512,287.7859891,0.0,0.367,-5.88
0.3715076447,-0.4667422771,0.6097697616,13.61879295,-0.007334024678,0.0510041702,0.3533181045,285.4775958,1555.787512,287.7859891,0.0,0.367,-5.88
0.3630178273,-0.4563995898,0.6062302589,13.62627631,0.003440276215,0.03879210785,0.3108354404,285.4984936,1553.906585,287.6989672,0.0,0.323,-5.7
0.3512011468,-0.4511164725,0.598320663,13.63339571,0.01239303005,0.02689449431,0.2684932064,285.52539,1551.139221,287.5707903,0.0,0.28,-5.51
0.3700239956,-0.463408947,0.6097697616,13.61919107,0.009611534589,0.04877144354,0.3498090513,285.4963393,1555.983046,287.795031,0.0,0.363,-5.85
0.358122021,-0.4563995898,0.6012302637,13.627229,0.01901493231,0.03708653205,0.3073516792,285.520491,1554.123926,287.7090266,0.0,0.32,-5.68
0.3442840278,-0.4480662346,0.5957340598,13.63458423,0.02586558087,0.02509104483,0.2652051273,285.5494714,1550.901303,287.5597625,0.0,0.277,-5.49
0.347617358,-0.4477831423,0.5982502103,13.63458423,0.02586558087,0.02509104483,0.2652051273,285.5494714,1550.901303,287.5597625,0.0,0.277,-5.49
0.3443853855,-0.4444498122,0.5984581113,13.63458423,0.02586558087,0.02509104483,0.2652051273,285.5494714,1550.901303,287.5597625,0.0,0.277,-5.49
0.3285820186,-0.432510525,0.5996425748,13.63372593,0.05712338498,0.02130220528,0.2538548131,285.6109238,1552.202287,287.6200489,0.0,0.271,-5.43
0.3159506619,-0.4300932884,0.5972191691,13.64116752,0.05363530614,0.005018023043,0.2103801495,285.6448182,1546.294017,287.3459596,0.0,0.227,-5.23
0.3242840171,-0.4380662441,0.5929121375,13.63875805,0.04714684704,0.01506484258,0.236385359,285.6076789,1548.311372,287.4396345,0.0,0.251,-5.36
0.3276173472,-0.4358438551,0.5961909294,13.63875805,0.04714684704,0.01506484258,0.236385359,285.6076789,1548.311372,287.4396345,0.0,0.251,-5.36
0.3252486885,-0.432510525,0.5981224179,13.63875805,0.04714684704,0.01506484258,0.236385359,285.6076789,1548.311372,287.4396345,0.0,0.251,-5.36
0.3376173675,-0.4447329044,0.5940105319,13.63634322,0.03789594435,0.02339775691,0.2609803235,285.5732161,1550.14696,287.5247895,0.0,0.274,-5.47
0.3361058235,-0.4480662346,0.5907475948,13.63634322,0.03789594435,0.02339775691,0.2609803235,285.5732161,1550.14696,287.5247895,0.0,0.274,-5.47
0.3327724934,-0.4466799796,0.5899303555,13.63634322,0.03789594435,0.02339775691,0.2609803235,285.5732161,1550.14696,287.5247895,0.0,0.274,-5.47
0.3059506714,-0.4240502715,0.6016249061,13.63983534,0.07058933739,0.0125735632,0.2150252115,285.661254,1548.775523,287.4611742,0.0,0.236,-5.26
0.3059506714,-0.4290502667,0.5961738229,13.64358107,0.0592684423,0.003643098424,0.2017323436,285.6580696,1545.129727,287.2918547,0.0,0.22,-5.19
0.295950681,-0.4236627817,0.6011724472,13.64356252,0.07395103409,0.01299250194,0.2020144125,285.6699749,1548.196813,287.4343174,0.0,0.225,-5.2
0.2759506702,-0.4195610881,0.6061221957,13.64938039,0.07569936042,0.009991317212,0.1529360999,285.7027001,1547.305329,287.3929309,0.0,0.181,-4.92
0.2859506607,-0.4236198068,0.6011222005,13.64741706,0.07417977717,0.01260568654,0.1892323071,285.6754538,1548.126511,287.4310544,0.0,0.213,-5.13
0.2659506798,-0.4195610881,0.6061221957,13.65281843,0.07037372391,0.008526241891,0.14459357,285.7021258,1547.535818,287.4036328,0.0,0.171,-4.85
0.2369677722,-0.4085950255,0.6245697737,13.66334669,0.01859645718,0.04512586868,0.04184735266,285.7165017,1551.432225,287.5843695,0.0,0.074,-4.57
0.245950684,-0.4114263952,0.6185816526,13.66327066,0.04661514106,0.05315514002,0.1073279288,285.6934149,1553.868293,287.6971948,0.0,0.138,-4.56
0.2559506595,-0.4145879149,0.6135284901,13.65698386,0.06325666437,0.0282793265,0.1284553421,285.6983757,1550.777168,287.5540082,0.0,0.156,-4.72
0.1581434906,-0.5378745794,0.5683791041,13.64703955,-0.06428947348,0.06099810496,0.3400803176,285.7776019,1542.462715,287.1678025,0.0,0.361,-5.85
0.1591480225,-0.5613062978,0.5681793094,13.64744589,-0.09861132417,0.02106824734,0.310581545,285.8264003,1540.055628,287.0557021,0.0,0.336,-5.75
0.1659506708,-0.4346822202,0.5913533568,13.64996937,-0.04652121438,0.07423700562,0.2432513611,285.6711126,1540.90399,287.0952261,0.0,0.268,-5.48
0.1759506762,-0.4237118959,0.6012297869,13.65244204,-0.05047160981,0.0258994169,0.254877206,285.6646392,1542.267159,287.1587001,0.0,0.271,-5.48
0.1659506708,-0.4396821856,0.5872103572,13.65060992,-0.03698540094,0.0809268986,0.2398081731,285.6651486,1538.972158,287.0052009,0.0,0.265,-5.47
0.1759506613,-0.4287118912,0.5958346725,13.65410734,-0.03883603256,0.0323637074,0.2457543085,285.6607436,1540.37917,287.0707774,0.0,0.261,-5.45
0.1859506667,-0.4195610881,0.6061221957,13.65655282,-0.04160036998,-0.005386055512,0.2396133817,285.6628091,1541.350551,287.1160242,0.0,0.253,-5.4
0.1859506816,-0.4145879149,0.6135284305,13.65341059,-0.05825453959,0.004010368935,0.2404955702,285.6725042,1542.919132,287.1890435,0.0,0.257,-5.41
0.1665074676,-0.5390432477,0.5670814514,13.64927923,-0.07116630563,0.05108176338,0.3445522161,285.7394111,1542.14963,287.1532292,0.0,0.365,-5.88
0.1680281311,-0.5565786362,0.5669640899,13.65301037,-0.1145737977,0.01575877387,0.3069484191,285.7668391,1541.49401,287.1227047,0.0,0.338,-5.77
0.167607978,-0.5479053259,0.5669201016,13.64945996,-0.09095097998,0.03220550349,0.341576144,285.7374467,1540.367995,287.0702567,0.0,0.365,-5.89
0.1852017939,-0.5669270158,0.5663024187,13.65793527,-0.1183837107,0.003203504972,0.2720816897,285.8038413,1541.536232,287.1246708,-5.896879222,0.306,-5.62
0.1669832915,-0.5667850375,0.567243576,13.65002853,-0.1135162891,0.004812352523,0.2841233953,285.8501305,1539.467193,287.0282781,-5.183395884,0.316,-5.66
0.1659506708,-0.4523906708,0.5790316463,13.65052711,-0.02394641088,0.1039033616,0.2488792784,285.7012231,1540.494652,287.0761576,0.0,0.28,-5.53
0.1659506708,-0.4463995695,0.5827135444,13.6504319,-0.0295090257,0.09510211561,0.2415152809,285.6829657,1539.69314,287.0388093,0.0,0.271,-5.5
0.245950684,-0.4145879149,0.6135284901,13.66019673,0.0470199906,0.0252175073,0.128875636,285.6972378,1550.593045,287.5454726,0.0,0.149,-4.67
0.2269474268,-0.4085902572,0.624581933,13.66363972,-0.01070641002,0.04206718375,0.0534796442,285.7179206,1550.235487,287.5288945,0.0,0.078,-4.58
0.2759506702,-0.4236198068,0.6011222005,13.6512671,0.07137645668,0.01107771445,0.1785378617,285.678521,1548.198598,287.4344003,0.0,0.202,-5.06
0.2559506595,-0.4195610881,0.6061221957,13.65596469,0.0620145864,0.0059814604,0.1417159978,285.7003513,1547.715074,287.4119552,0.0,0.164,-4.8
0.195950672,-0.4145879149,0.6135284305,13.657929,-0.04202614511,0.003634385591,0.2173002085,285.6784831,1544.152086,287.2463998,0.0,0.231,-5.26
0.2059506774,-0.411426425,0.6185817122,13.66223809,-0.04401199884,0.03185466582,0.1741784361,285.6871489,1548.182399,287.4336484,0.0,0.192,-4.99
0.2159506679,-0.4114263952,0.6185817122,13.66525211,-0.02166646522,0.03773032525,0.1474536089,285.6897536,1550.208001,287.52762,0.0,0.163,-4.78
0.3700913489,-0.4963995814,0.5994911194,13.62848042,0.0144480234,0.05369219679,0.3890196256,285.4909095,1556.37737,287.8132628,0.0,0.403,-6.01
0.3598473072,-0.5063995719,0.589432478,13.6350856,0.02392735176,0.0467182001,0.393556209,285.5054974,1553.754868,287.6919445,0.0,0.407,-6.03
0.3650913537,-0.4963995814,0.5945379138,13.63333952,0.01160548803,0.05024874647,0.3775102936,285.4890769,1553.697237,287.6892767,0.0,0.391,-5.98
0.354847312,-0.5063995719,0.5856704712,13.63827922,0.02017278854,0.04402163967,0.3864555841,285.5034909,1551.603507,287.5923067,0.0,0.399,-6.02
0.2604070604,-0.5669791698,0.5662751198,13.66053705,0.001436427501,-0.00270158356,0.3437063272,285.7219133,1539.506566,287.0301133,-5.737322193,0.353,-5.85
0.267958492,-0.5591258407,0.5662751198,13.66177215,0.02361254377,-0.005386565187,0.3674949553,285.6502792,1541.671268,287.1309585,0.0,0.378,-5.96
0.2961926162,-0.5372918844,0.5663294792,13.65231457,0.05324821852,-0.001305348477,0.3871267679,285.596034,1542.562828,287.172462,0.0,0.4,-6.05
0.2896832824,-0.5472858548,0.5662762523,13.6559922,0.05652084822,-0.003329269983,0.3880192883,285.6051699,1542.27228,287.1589385,0.0,0.402,-6.06
0.2791338265,-0.5479294658,0.5662751198,13.65676859,0.04465466608,-0.008477296165,0.3857696219,285.6145304,1540.991714,287.0993121,0.0,0.398,-6.05
0.3473465443,-0.5063995719,0.580670476,13.63950292,0.02598336622,0.03922858614,0.3811034364,285.5213215,1550.280084,287.5309624,0.0,0.394,-6.0
0.2478034794,-0.5669649839,0.5662751794,13.6713791,-0.0196285119,0.0003609701403,0.309950139,285.7563598,1553.082378,287.66081,-9.808827005,0.32,-5.62
0.270175308,-0.5464805365,0.5662751198,13.6616648,0.03093003576,-0.009074573895,0.3682709305,285.6242781,1542.509856,287.1699966,0.0,0.379,-5.96
0.3757914603,-0.4747329056,0.611861825,13.61959888,-0.003580786435,0.05541001716,0.3710647935,285.4767408,1556.49916,287.8188932,0.0,0.385,-5.94
0.3785678446,-0.476806879,0.6151951551,13.61959888,-0.003580786435,0.05541001716,0.3710647935,285.4767408,1556.49916,287.8188932,0.0,0.385,-5.94
0.379144311,-0.4801402092,0.6146400571,13.61959888,-0.003580786435,0.05541001716,0.3710647935,285.4767408,1556.49916,287.8188932,0.0,0.385,-5.94
0.3736441135,-0.4863995612,0.6051228046,13.62733025,-0.000721945064,0.05510158216,0.372897696,285.4755199,1555.41036,287.7685463,0.0,0.387,-5.96
0.3715076447,-0.4700756073,0.6078239083,13.62623307,-0.009026126027,0.04634000312,0.3328011963,285.4764984,1554.516382,287.7271883,0.0,0.346,-5.8
0.3652699888,-0.4693397582,0.601157248,13.62645276,0.005577699935,0.0437179031,0.3295602923,285.4948336,1554.190363,287.7121014,0.0,0.342,-5.78
0.3676173389,-0.46801579,0.6044905782,13.62645276,0.005577699935,0.0437179031,0.3295602923,285.4948336,1554.190363,287.7121014,0.0,0.342,-5.78
0.3642840087,-0.4646824598,0.6025195718,13.62645276,0.005577699935,0.0437179031,0.3295602923,285.4948336,1554.190363,287.7121014,0.0,0.342,-5.78
0.3666906655,-0.463408947,0.6058529019,13.62645276,0.005577699935,0.0437179031,0.3295602923,285.4948336,1554.190363,287.7121014,0.0,0.342,-5.78
0.3531220257,-0.4563995898,0.5967258811,13.63304632,0.01356027224,0.03250420303,0.2878581467,285.5186767,1551.820733,287.602372,0.0,0.3,-5.6
0.3602620065,-0.4626730978,0.5991862416,13.627492,0.0201751399,0.04168599933,0.3258783867,285.5155235,1554.305256,287.7174184,0.0,0.339,-5.76
0.347617358,-0.4547329247,0.5936089158,13.63436921,0.02646442953,0.03065953835,0.2845721149,285.5414709,1551.622902,287.5932054,0.0,0.297,-5.58
0.3459427059,-0.4580662549,0.5904833674,13.63436921,0.02646442953,0.03065953835,0.2845721149,285.5414709,1551.622902,287.5932054,0.0,0.297,-5.58
0.3426093757,-0.4561400414,0.589345634,13.63436921,0.02646442953,0.03065953835,0.2845721149,285.5414709,1551.622902,287.5932054,0.0,0.297,-5.58
0.3327724934,-0.4500133693,0.5876293778,13.64026315,0.03080433313,0.01933766248,0.2444518598,285.5707806,1547.526573,287.4032036,0.0,0.257,-5.4
0.3176173568,-0.434732914,0.593503952,13.64122515,0.05505078194,0.01335682618,0.2292980037,285.6266228,1546.857393,287.3721289,0.0,0.246,-5.33
0.3174136281,-0.4380662441,0.5905767083,13.64122515,0.05505078194,0.01335682618,0.2292980037,285.6266228,1546.857393,287.3721289,0.0,0.246,-5.33
0.3140802979,-0.4370496571,0.5905222297,13.64122515,0.05505078194,0.01335682618,0.2292980037,285.6266228,1546.857393,287.3721289,0.0,0.246,-5.33
0.3259506822,-0.4429166913,0.589620769,13.6386539,0.04806580431,0.02161233049,0.2554228692,285.5953994,1549.02018,287.4725259,0.0,0.27,-5.45
0.3140802979,-0.4403830469,0.5877482891,13.64428316,0.04696803141,0.008011447388,0.2159099667,285.6238423,1544.597829,287.2671271,0.0,0.231,-5.27
0.3394391537,-0.4528067112,0.5893456936,13.63632832,0.03815009122,0.02883139658,0.2802783131,285.5644483,1550.945297,287.5618017,0.0,0.294,-5.57
0.3259506822,-0.4479166865,0.586268127,13.64199211,0.04003926985,0.01684211387,0.2410028817,285.5928938,1546.507775,287.3558897,0.0,0.254,-5.39
0.295950681,-0.4286627769,0.5957854986,13.64624823,0.06280785407,0.001937866164,0.1927986025,285.6670827,1544.645969,287.2693653,0.0,0.212,-5.14
0.3059506714,-0.4344736338,0.5911738276,13.6440614,0.0605966737,0.01127082994,0.2210733832,285.6418753,1545.688948,287.3178457,0.0,0.239,-5.3
0.2859506607,-0.4286197722,0.5957424045,13.64910585,0.06435084517,-0.0004553847658,0.1844519278,285.6726071,1544.662598,287.2701385,0.0,0.205,-5.1
0.2759506702,-0.428619802,0.5957424045,13.65200652,0.06386762766,-0.0037574914,0.1778326871,285.6754449,1544.843008,287.2785261,0.0,0.199,-5.06
0.2659506798,-0.4236198068,0.6011222005,13.65492913,0.06577414139,0.008463913908,0.1714380041,285.6798564,1548.389421,287.4432568,0.0,0.193,-5.0
0.245950684,-0.4195610881,0.6061222553,13.65869816,0.05120382059,0.001532294248,0.1450029174,285.6976595,1547.679409,287.4102994,0.0,0.163,-4.79
0.2359506786,-0.4114263952,0.6185816526,13.66547837,0.02419130248,0.0489513861,0.1133739687,285.6926475,1553.063624,287.6599416,0.0,0.135,-4.57
0.2359506786,-0.4145879149,0.6135284901,13.6624041,0.02959066106,0.02058715024,0.1368519126,285.6950985,1550.094023,287.5223348,0.0,0.151,-4.69
0.1759506762,-0.4340796769,0.5908346772,13.65428311,-0.03219997321,0.05394732948,0.2394230165,285.6784332,1541.436213,287.1200133,0.0,0.257,-5.41
0.1859506816,-0.423619777,0.6011222601,13.65667834,-0.03620677875,0.01188298606,0.2453462004,285.6680619,1543.093329,287.1971491,0.0,0.258,-5.41
0.1759506613,-0.4390796423,0.5867477655,13.65444998,-0.02179344505,0.06137153256,0.2359820805,285.6745986,1539.575465,287.0333247,0.0,0.254,-5.41
0.1859506816,-0.4286197722,0.5957424045,13.65752653,-0.02398333582,0.01537814266,0.2396615037,285.6646998,1541.152309,287.1067918,0.0,0.251,-5.39
0.195950672,-0.4195610881,0.6061221957,13.65957548,-0.02467643013,-0.01091381564,0.2230024386,285.6688964,1542.44523,287.1669886,0.0,0.234,-5.29
0.2059506774,-0.4145879149,0.6135284901,13.66123008,-0.02456643983,0.00634283684,0.1929770121,285.6838663,1545.861115,287.3258461,0.0,0.204,-5.08
0.1769071072,-0.5469970107,0.5664009452,13.65387417,-0.09357886684,0.02456742578,0.3312628242,285.6984245,1541.15461,287.106899,0.0,0.355,-5.86
0.176102072,-0.5363160372,0.5664035082,13.65128723,-0.069714373,0.03966460653,0.3369530294,285.7062761,1541.494213,287.1227142,0.0,0.356,-5.86
0.1800863743,-0.5589913726,0.5663216114,13.65236827,-0.1099195018,0.0119238107,0.3193586346,285.7337847,1539.3733,287.0239015,0.0,0.348,-5.83
0.2056256384,-0.5661158562,0.5662751198,13.66234686,-0.09848163982,0.001498366813,0.2856251533,285.7739054,1541.859194,287.1397082,-6.250585137,0.312,-5.65
0.1937680095,-0.5587297082,0.5662751198,13.65591094,-0.10382838,0.006679812773,0.3188599291,285.7066666,1539.091666,287.0107726,0.0,0.345,-5.83
0.1896182299,-0.5478538871,0.5662751198,13.65766035,-0.08804529315,0.01425030213,0.3207551573,285.6794475,1541.029538,287.1010738,0.0,0.343,-5.81
0.174011156,-0.4515874684,0.5786238313,13.65423394,-0.01320227964,0.08451233572,0.2396377313,285.7120395,1541.030033,287.1010969,0.0,0.264,-5.44
0.1742839962,-0.4447329044,0.5829162002,13.65421967,-0.01640356278,0.07570689117,0.2353306275,285.6936135,1540.33968,287.0689375,0.0,0.257,-5.42
0.1776173562,-0.4480520487,0.5807151198,13.65421967,-0.01640356278,0.07570689117,0.2353306275,285.6936135,1540.33968,287.0689375,0.0,0.257,-5.42
0.1773444861,-0.4513853788,0.5786238313,13.65421967,-0.01640356278,0.07570689117,0.2353306275,285.6936135,1540.33968,287.0689375,0.0,0.257,-5.42
0.2359506637,-0.4195610881,0.6061222553,13.66080196,0.03853316233,-0.002822561095,0.1538603093,285.6938377,1547.282705,287.3918803,0.0,0.168,-4.83
0.2259506732,-0.4114263952,0.6185816526,13.66632224,0.001499094671,0.04339650656,0.1268520934,285.6915211,1551.782983,287.6006229,0.0,0.144,-4.62
0.2559506595,-0.4236198068,0.6011222005,13.65821823,0.057742524,0.004781831452,0.1690274341,285.6799208,1548.617422,287.4538377,0.0,0.188,-4.96
0.2159506679,-0.4145879149,0.6135284901,13.66303291,-0.006367252383,0.01075036244,0.1700646865,285.6886902,1547.695389,287.4110414,0.0,0.18,-4.91
0.2259506732,-0.4145879149,0.6135284901,13.66339943,0.01172872998,0.01573418202,0.1505903402,285.692259,1549.138737,287.4780263,0.0,0.161,-4.77
0.2853515744,-0.5376132727,0.5662751198,13.65489136,0.04594491215,-0.007115218411,0.3754362618,285.6114074,1542.012891,287.1468637,0.0,0.388,-6.0
0.3695272803,-0.4863995612,0.6001228094,13.62754742,0.01092896944,0.05127285658,0.3691844576,285.4910864,1554.981695,287.7487173,0.0,0.382,-5.94
0.3597186506,-0.4963995814,0.5895379186,13.63417821,0.02009574049,0.04600906262,0.3731927811,285.5058495,1552.84534,287.6498334,0.0,0.386,-5.96
0.3645272851,-0.4863995612,0.5950815678,13.6326861,0.007854872193,0.04759533808,0.3553781961,285.4893924,1553.23976,287.6680973,0.0,0.368,-5.89
0.3547186553,-0.4963995516,0.5857649446,13.63762665,0.01594586619,0.04302114586,0.3640026024,285.5039408,1550.948249,287.5619386,0.0,0.376,-5.93
0.2390094995,-0.5683523417,0.5662751198,13.66080022,-0.04024499273,-0.001558550329,0.3321750575,285.7299439,1539.153616,287.0136606,-5.633495066,0.344,-5.82
0.2530330718,-0.5600306392,0.5662751198,13.66339193,-0.01011314613,-0.006871220331,0.3559792708,285.6594862,1541.91734,287.1424153,0.0,0.366,-5.91
0.2594065368,-0.5492969155,0.5662751198,13.66552117,0.01109087006,-0.007979562553,0.3560750704,285.6383225,1544.719806,287.2727983,0.0,0.366,-5.9
0.2761526704,-0.5376671553,0.5662751198,13.65739745,0.03652626945,-0.01204205075,0.3646510469,285.6234941,1541.724616,287.1334424,0.0,0.376,-5.96
0.3471878469,-0.4963995814,0.5807649493,13.63886177,0.02253100181,0.03878624478,0.359312847,285.5226948,1549.89188,287.5129606,0.0,0.372,-5.92
0.2275942117,-0.5671793222,0.5662751198,13.6691447,-0.06276638488,-3.327188995e-05,0.2946769944,285.7748073,1549.021631,287.4725932,-8.974633942,0.311,-5.6
0.2377512902,-0.5600419044,0.5662751794,13.66574501,-0.03801969059,-0.004216227452,0.3389835919,285.6705306,1544.2812,287.2524041,0.0,0.351,-5.83
0.2651699781,-0.5377857089,0.5662751794,13.65928322,0.02497279369,-0.01535980446,0.3535459167,285.6346571,1541.40985,287.1187856,0.0,0.364,-5.91
0.372513622,-0.4763995707,0.606551826,13.62664311,-0.005120316661,0.0510813139,0.352602115,285.4754117,1554.758009,287.7383685,0.0,0.366,-5.88
0.3619366586,-0.4693397582,0.5975783467,13.632199,0.00214282082,0.03969753349,0.3112499782,285.4933738,1552.724231,287.6442246,0.0,0.323,-5.71
0.3682511151,-0.4763995707,0.6015518308,13.62687541,0.00802391455,0.04792153231,0.3490887321,285.4923962,1554.372969,287.720552,0.0,0.362,-5.86
0.3547101021,-0.4706327021,0.5909116864,13.6329539,0.01463434998,0.0372420069,0.3082157817,285.5136153,1552.336471,287.6262647,0.0,0.32,-5.69
0.3576173484,-0.4685728848,0.5942450166,13.6329539,0.01463434998,0.0372420069,0.3082157817,285.5136153,1552.336471,287.6262647,0.0,0.32,-5.69
0.3542840183,-0.4652395546,0.5929995179,13.6329539,0.01463434998,0.0372420069,0.3082157817,285.5136153,1552.336471,287.6262647,0.0,0.32,-5.69
0.3569286764,-0.4626730978,0.5963328481,13.6329539,0.01463434998,0.0372420069,0.3082157817,285.5136153,1552.336471,287.6262647,0.0,0.32,-5.69
0.3426093757,-0.4594733715,0.5875101686,13.63847238,0.02037464912,0.02679560668,0.2679742024,285.5394037,1548.919102,287.4678362,0.0,0.28,-5.52
0.349276036,-0.4639660418,0.5896661878,13.63440032,0.02667625217,0.03507033973,0.3046908379,285.5353564,1552.126461,287.6165362,0.0,0.317,-5.67
0.3342840374,-0.4580662549,0.5839850307,13.63993102,0.03072464923,0.02444158641,0.2653283889,285.5621237,1548.067564,287.4283182,0.0,0.278,-5.51
0.3376173675,-0.4561400414,0.5866110325,13.63993102,0.03072464923,0.02444158641,0.2653283889,285.5621237,1548.067564,287.4283182,0.0,0.278,-5.51
0.3361058235,-0.4528067112,0.5876293778,13.63993102,0.03072464923,0.02444158641,0.2653283889,285.5621237,1548.067564,287.4283182,0.0,0.278,-5.51
0.3207469583,-0.441475302,0.5885829926,13.64146459,0.05602869185,0.01949246745,0.2483678441,285.6152087,1547.63099,287.4080515,0.0,0.265,-5.43
0.3059506714,-0.439473629,0.5870502591,13.64643794,0.05244335565,0.004601801743,0.2105386388,285.6393218,1543.467796,287.2145713,0.0,0.227,-5.25
0.3142839968,-0.4480662346,0.5827289224,13.64411989,0.04742444184,0.01374382105,0.2365642001,285.6128152,1545.176472,287.2940275,0.0,0.251,-5.37
0.317617327,-0.4448086321,0.5856335759,13.64411989,0.04742444184,0.01374382105,0.2365642001,285.6128152,1545.176472,287.2940275,0.0,0.251,-5.37
0.3174136281,-0.441475302,0.5877482891,13.64411989,0.04742444184,0.01374382105,0.2365642001,285.6128152,1545.176472,287.2940275,0.0,0.251,-5.37
0.3276173472,-0.4547329247,0.5828886032,13.64187346,0.03964452941,0.02167503341,0.2617762444,285.5841888,1547.111812,287.3839446,0.0,0.275,-5.49
0.3256125152,-0.4580662549,0.5804544091,13.64187346,0.03964452941,0.02167503341,0.2617762444,285.5841888,1547.111812,287.3839446,0.0,0.275,-5.49
0.3222791851,-0.4571313858,0.5797470808,13.64187346,0.03964452941,0.02167503341,0.2617762444,285.5841888,1547.111812,287.3839446,0.0,0.275,-5.49
0.295950681,-0.434022516,0.5907855034,13.64717497,0.06376124997,0.00852678933,0.2124442794,285.653517,1545.256523,287.2977484,0.0,0.232,-5.26
0.295950681,-0.439022541,0.5867038369,13.6487923,0.05606958745,0.0004118874056,0.2047572629,285.6511835,1542.92418,287.1892784,0.0,0.222,-5.22
0.2859506905,-0.4339724481,0.5907423496,13.65041037,0.06460133269,0.004956872646,0.2042254401,285.6618871,1545.322505,287.3008153,0.0,0.224,-5.21
0.2659506798,-0.4286197722,0.5957424045,13.65483637,0.06137129472,-0.007689478408,0.1741987642,285.6763641,1545.125293,287.2916486,0.0,0.194,-5.03
0.2759506702,-0.4339724779,0.5907424092,13.65360958,0.06326879729,0.0006577475012,0.1974172065,285.6675367,1545.551921,287.3114777,0.0,0.217,-5.17
0.2559506595,-0.4286197722,0.5957424045,13.65749361,0.05672408918,-0.01186525771,0.1745012724,285.6759211,1545.421313,287.3054077,0.0,0.193,-5.02
0.2259506732,-0.4195610881,0.6061221957,13.662068,0.02421729683,-0.007305665042,0.1675708012,285.6886329,1546.500373,287.3555459,0.0,0.179,-4.91
0.245950684,-0.4236198068,0.6011222005,13.66097089,0.04757248874,0.0006337836063,0.1716321955,285.6790786,1548.678502,287.4566721,0.0,0.188,-4.96
0.1859506816,-0.4339724779,0.5907424092,13.65790041,-0.0185861728,0.03423955053,0.2353392522,285.6812268,1542.366423,287.1633206,0.0,0.248,-5.36
0.195950672,-0.423619777,0.6011222601,13.66015892,-0.02182531,0.001928757879,0.2333011874,285.6701642,1544.195754,287.2484306,0.0,0.244,-5.33
0.1859506816,-0.4389724731,0.5866653919,13.65749399,-0.007693838329,0.04133992613,0.2324084742,285.6791237,1540.439883,287.073606,0.0,0.246,-5.36
0.195950672,-0.4286197722,0.5957424045,13.66017973,-0.009830592926,0.001575878458,0.231481483,285.6668513,1542.051441,287.1486583,0.0,0.241,-5.33
0.2059506774,-0.4195610881,0.6061221957,13.66152799,-0.007807934332,-0.01247365982,0.2040969462,285.6760479,1543.854369,287.2325533,0.0,0.214,-5.16
0.2159506679,-0.4195611179,0.6061221957,13.66241588,0.008786096846,-0.01081944755,0.1848394561,285.6827112,1545.304312,287.2999697,0.0,0.195,-5.03
0.1858681738,-0.5375345349,0.5662751198,13.6535244,-0.06615540914,0.02705630017,0.3269604203,285.68515,1540.784039,287.0896387,0.0,0.344,-5.82
0.1958953738,-0.5375541449,0.5662751198,13.65559341,-0.05907455771,0.01582348648,0.318872965,285.6757446,1540.293123,287.0667682,0.0,0.334,-5.78
0.199676618,-0.5477313399,0.5662751198,13.65581228,-0.07570834078,0.008533789946,0.3331731833,285.6667287,1538.951139,287.004221,0.0,0.351,-5.86
0.2195406109,-0.5576658845,0.5662751198,13.66331109,-0.06888187028,-0.001548205507,0.3297209542,285.6777377,1541.876845,287.14053,0.0,0.346,-5.82
0.205329895,-0.5571584105,0.5662751198,13.65777641,-0.08712917374,0.001734578657,0.3298503922,285.684007,1538.702935,286.9926481,0.0,0.351,-5.86
0.2101885527,-0.5478029847,0.5662751198,13.6613075,-0.06879567165,0.002582720932,0.3236026984,285.6616556,1541.017703,287.1005226,0.0,0.34,-5.81
0.1859506816,-0.4463782907,0.5816653967,13.65732046,-0.003669237177,0.05475575732,0.2296349994,285.6976823,1541.298634,287.1136065,0.0,0.246,-5.35
0.2359506786,-0.4236198068,0.6011222005,13.66295526,0.03561364732,-0.003402844891,0.1790473334,285.6775488,1548.472314,287.4471038,0.0,0.192,-4.99
0.2659506798,-0.4339724779,0.5907424092,13.6566176,0.05993352872,-0.004026676232,0.1931716545,285.6711412,1545.854451,287.3255364,0.0,0.212,-5.14
0.2559506893,-0.4339724481,0.5907423496,13.65929791,0.0547165244,-0.008476690208,0.1922720924,285.6734077,1546.2339,287.3431667,0.0,0.21,-5.12
0.245950684,-0.4286197722,0.5957424045,13.65979639,0.04983594205,-0.0155609324,0.1789763308,285.6746025,1545.542601,287.3110446,0.0,0.196,-5.04
0.2059506774,-0.4236198068,0.6011222005,13.6626068,-0.006985315937,-0.004403028838,0.2191696621,285.6718666,1545.511951,287.3096201,0.0,0.229,-5.24
0.3590553701,-0.4863995612,0.5900815725,13.6335298,0.01757068581,0.04401572447,0.3514673591,285.5073077,1552.522224,287.6348687,0.0,0.364,-5.88
0.3632511199,-0.4763995707,0.5963115692,13.6323045,0.004742879786,0.04404033261,0.332974535,285.4908255,1553.045584,287.6591063,0.0,0.346,-5.8
0.3540553749,-0.4863995612,0.5862517357,13.63723509,0.01318880095,0.04075567208,0.3400410073,285.5054791,1550.565553,287.544198,0.0,0.352,-5.84
0.246304974,-0.5464693904,0.5662751198,13.66309648,-0.005023892943,-0.0128491253,0.3491733942,285.6417348,1541.738897,287.1341073,0.0,0.359,-5.88
0.2558867335,-0.5379012823,0.5662751198,13.66065156,0.01206020481,-0.01671384932,0.3431232715,285.6438145,1541.268617,287.1122086,0.0,0.353,-5.86
0.347617358,-0.4847328961,0.582249701,13.63844429,0.02094403946,0.03713080643,0.3361945638,285.5250706,1549.764261,287.5070419,0.0,0.348,-5.82
0.345002979,-0.4880662262,0.5801725984,13.63844429,0.02094403946,0.03713080643,0.3361945638,285.5250706,1549.764261,287.5070419,0.0,0.348,-5.82
0.3416696489,-0.4853326082,0.5786186457,13.63844429,0.02094403946,0.03713080643,0.3361945638,285.5250706,1549.764261,287.5070419,0.0,0.348,-5.82
0.2307819873,-0.547478497,0.5662751198,13.66484848,-0.03500808973,-0.007228897296,0.3353544077,285.6497749,1543.040721,287.1947012,0.0,0.347,-5.83
0.340759784,-0.4819992781,0.5786186457,13.64029164,0.02832767736,0.03341090079,0.3314194264,285.5459797,1549.140359,287.4781015,0.0,0.344,-5.8
0.3513767719,-0.4706327021,0.5882161856,13.63717269,0.01007877109,0.03370768102,0.2924117103,285.5119054,1549.979343,287.5170168,0.0,0.304,-5.63
0.3575552404,-0.4763995707,0.591311574,13.63311479,0.01587637779,0.04109172394,0.3295435353,285.5098764,1552.500959,287.6338837,0.0,0.342,-5.78
0.3442840278,-0.4680662453,0.584852159,13.63822962,0.02044208032,0.03111786307,0.2899407736,285.5332932,1549.41003,287.4906116,0.0,0.302,-5.62
0.347617358,-0.467299372,0.5871978998,13.63822962,0.02044208032,0.03111786307,0.2899407736,285.5332932,1549.41003,287.4906116,0.0,0.302,-5.62
0.3459427059,-0.4639660418,0.5875101686,13.63822962,0.02044208032,0.03111786307,0.2899407736,285.5332932,1549.41003,287.4906116,0.0,0.302,-5.62
0.3376173675,-0.4647329152,0.5825383663,13.63983741,0.03000420356,0.02841372845,0.2869106201,285.5553924,1548.678805,287.4566862,0.0,0.299,-5.61
0.3355289698,-0.4680662453,0.5802233815,13.63983741,0.03000420356,0.02841372845,0.2869106201,285.5553924,1548.678805,287.4566862,0.0,0.299,-5.61
0.3321956098,-0.4665581882,0.5792357326,13.63983741,0.03000420356,0.02841372845,0.2869106201,285.5553924,1548.678805,287.4566862,0.0,0.299,-5.61
0.3059506714,-0.4463995993,0.5824017525,13.64656173,0.05283695749,0.009815968712,0.2311678915,285.6300037,1544.084339,287.2432491,0.0,0.247,-5.36
0.3159506917,-0.4538317323,0.5797639489,13.64424854,0.04682639985,0.01818900035,0.2570599034,285.6048021,1545.916918,287.328439,0.0,0.272,-5.48
0.3289458454,-0.463224858,0.5792357922,13.64196975,0.03833452861,0.02524111894,0.2828205185,285.5773801,1547.863578,287.4188493,0.0,0.296,-5.59
0.2859506905,-0.4389724731,0.5866653919,13.65124949,0.0579916362,-0.004501870161,0.1992753226,285.6597086,1542.766734,287.1819516,0.0,0.217,-5.19
0.297617346,-0.4447329342,0.5828023553,13.64920022,0.05629461502,0.004954858586,0.2251222575,285.644191,1543.607922,287.2210898,0.0,0.242,-5.33
0.2948676348,-0.4480662644,0.5806597471,13.64920022,0.05629461502,0.004954858586,0.2251222575,285.644191,1543.607922,287.2210898,0.0,0.242,-5.33
0.2915343046,-0.4480520487,0.5806197524,13.64920022,0.05629461502,0.004954858586,0.2251222575,285.644191,1543.607922,287.2210898,0.0,0.242,-5.33
0.2759506702,-0.4389724433,0.5866653919,13.65370206,0.05830887165,-0.009813513065,0.1950889857,285.6654515,1542.802798,287.1836299,0.0,0.213,-5.16
0.2659506798,-0.4389724731,0.5866653919,13.65604294,0.05703359821,-0.01487389841,0.193217363,285.6691378,1543.01021,287.1932815,0.0,0.212,-5.15
0.2359506637,-0.428619802,0.5957424045,13.66156128,0.04081337833,-0.01802079279,0.187158887,285.6727979,1545.35561,287.3023539,0.0,0.202,-5.08
0.2259506732,-0.4236198068,0.6011222005,13.66399314,0.02222627472,-0.006277665257,0.1903388127,285.6756135,1547.855198,287.4184603,0.0,0.201,-5.05
0.195950672,-0.4339724779,0.5907424092,13.66067507,-0.005874679916,0.01734566587,0.2303089639,285.6815277,1543.375797,287.2102913,0.0,0.241,-5.32
0.195950672,-0.4389724731,0.5866653919,13.65968502,0.004928396809,0.02275769846,0.2286914157,285.6804766,1541.304275,287.1138692,0.0,0.239,-5.32
0.2059506774,-0.428619802,0.5957424045,13.66194779,0.004048119859,-0.008828930756,0.2212694398,285.6681062,1543.040529,287.1946923,0.0,0.231,-5.27
0.2159506828,-0.423619777,0.6011222601,13.66390159,0.00785521408,-0.007038114812,0.2042427762,285.6736278,1546.837271,287.3711943,0.0,0.214,-5.14
0.2055175006,-0.5374772549,0.5662751198,13.65737838,-0.05031168037,0.005292639805,0.3146728549,285.6719255,1540.142833,287.0597656,0.0,0.328,-5.76
0.2199229002,-0.5464158058,0.5662751198,13.65843273,-0.05149616985,-0.005617931772,0.3387156533,285.6558255,1538.833089,286.9987169,0.0,0.352,-5.87
0.2161001414,-0.5380789638,0.5662751794,13.65929855,-0.04046247662,-0.003214791789,0.3148279149,285.6677347,1540.518692,287.0772776,0.0,0.327,-5.75
0.2254378796,-0.5380480289,0.5662751198,13.66050355,-0.02874022875,-0.00975604852,0.3189031575,285.6633562,1540.766867,287.0888388,0.0,0.33,-5.77
0.195950672,-0.4463782907,0.5816653967,13.65962374,0.007945686052,0.03438215852,0.2254960137,285.6976138,1542.251822,287.1579862,0.0,0.238,-5.3
0.2259506732,-0.428619802,0.5957424045,13.66260045,0.02985363407,-0.01823527902,0.1978314272,285.6709394,1544.816982,287.2773161,0.0,0.211,-5.14
0.245950684,-0.4339724779,0.5907424092,13.66150206,0.04770692007,-0.01182273293,0.1948903682,285.6749412,1546.481729,287.3546798,0.0,0.211,-5.12
0.2559506893,-0.4389724731,0.5866653919,13.65816038,0.05407325322,-0.01883841759,0.1942942411,285.6715508,1543.354769,287.209313,0.0,0.212,-5.15
0.2659506798,-0.4463782907,0.5816653967,13.65699199,0.05601211674,-0.01232088814,0.2105157388,285.6702738,1543.83346,287.2315808,0.0,0.228,-5.24
0.2559506893,-0.4463782609,0.5816653967,13.65911303,0.05271771178,-0.01645597152,0.2094630631,285.6752604,1544.228984,287.2499759,0.0,0.226,-5.23
0.2859506905,-0.4463782609,0.5816653967,13.65190676,0.0579002339,-0.0007119149203,0.2190682031,285.6553831,1543.508857,287.2164814,0.0,0.236,-5.29
0.3059506714,-0.4520919919,0.5788799524,13.64695957,0.05208142329,0.01378038584,0.2511692031,285.623346,1544.917337,287.2819816,0.0,0.266,-5.45
0.2461682558,-0.535933435,0.5662751198,13.66096098,-0.001776095037,-0.01713131914,0.3315821717,285.6537074,1541.03318,287.1012435,0.0,0.342,-5.82
0.2159506828,-0.428619802,0.5957424045,13.6627618,0.01742092832,-0.01538802098,0.2096346812,285.6693793,1544.019341,287.2402262,0.0,0.221,-5.2
0.3525552452,-0.4763995707,0.587352097,13.6370768,0.01137698394,0.03762576784,0.3158783745,285.5081169,1550.319436,287.532787,0.0,0.328,-5.74
0.2367882431,-0.5376781225,0.5662751198,13.66103538,-0.01529893665,-0.01445644998,0.3250910407,285.6585496,1540.914917,287.095735,0.0,0.335,-5.79
0.3459506929,-0.4763995707,0.5831604004,13.63822352,0.0204727155,0.03457662625,0.3128223573,285.5285716,1549.682899,287.5032684,0.0,0.325,-5.72
0.3392412364,-0.4763995707,0.5793367624,13.63996766,0.02899844621,0.03141024646,0.3090549108,285.5500787,1549.070985,287.474883,0.0,0.322,-5.71
0.2982009649,-0.4514783919,0.5785684586,13.64986824,0.05535120653,0.008391038345,0.244381983,285.6394038,1544.512062,287.2631392,0.0,0.26,-5.42
0.2759506702,-0.4463782609,0.5816653967,13.6545491,0.05776734263,-0.006730902911,0.2139015396,285.663886,1543.582418,287.2199034,0.0,0.231,-5.26
0.245950684,-0.4389724731,0.5866653919,13.65992113,0.04938613745,-0.0207408013,0.1982718477,285.6733544,1543.61905,287.2216075,0.0,0.215,-5.17
0.2359506786,-0.4339724779,0.5907424092,13.66306892,0.03904125084,-0.01313228876,0.2004908416,285.6762132,1546.454678,287.3534232,0.0,0.214,-5.14
0.2059506774,-0.4339724779,0.5907424092,13.66262325,0.006260781374,0.003760137351,0.2238273452,285.6805569,1544.39575,287.2577308,0.0,0.234,-5.27
0.2059506774,-0.4389724433,0.5866653919,13.66113364,0.01616241697,0.006591308553,0.2240859174,285.6799759,1542.113039,287.1515258,0.0,0.234,-5.29
0.2059506774,-0.4463782907,0.5816653967,13.66121986,0.01805401839,0.01598577899,0.2224984139,285.6951883,1543.128338,287.198778,0.0,0.233,-5.27
0.2259506732,-0.4339724481,0.5907423496,13.66383671,0.02898370159,-0.01143162748,0.2079971029,285.6775574,1546.047961,287.3345279,0.0,0.22,-5.18
0.245950684,-0.4463782609,0.5816653967,13.66078654,0.04798362566,-0.01802670185,0.2106707504,285.6795224,1544.575264,287.2660779,0.0,0.226,-5.22
0.2359506786,-0.4389724433,0.5866653919,13.66120547,0.04304282988,-0.01971997457,0.2043921877,285.6749962,1543.619908,287.2216474,0.0,0.219,-5.19
0.2159506828,-0.4339724481,0.5907423496,13.66370048,0.01792184213,-0.005918081598,0.2161416702,285.6790694,1545.324695,287.3009171,0.0,0.227,-5.23
0.2159506679,-0.4389724433,0.5866653919,13.66187179,0.02622329517,-0.006202246656,0.2182703372,285.6785147,1542.822746,287.1845582,0.0,0.23,-5.26
0.2259506732,-0.4389724433,0.5866653919,13.66188358,0.03522930147,-0.01499971797,0.2114577828,285.6767338,1543.337996,287.2085326,0.0,0.224,-5.22
0.2159506679,-0.4463782907,0.5816653967,13.6621365,0.02696011583,0.0009559769884,0.2197611657,285.6916035,1543.870675,287.2333117,0.0,0.231,-5.25
0.2259506732,-0.4463782907,0.5816653967,13.66236422,0.03490922069,-0.009829248751,0.2167119491,285.687598,1544.393141,287.2576095,0.0,0.229,-5.24
0.2359506786,-0.4463782609,0.5816653967,13.66190122,0.0419730652,-0.01605989602,0.2134233347,285.683554,1544.638884,287.2690359,0.0,0.228,-5.23
0.1307671368,-0.4982118309,0.5784161091,13.63701908,-0.01106716133,0.09925672937,0.3114684867,285.5752379,1541.280879,287.1127796,0.0,0.337,-5.82
0.1388278902,-0.4763995707,0.5775359869,13.6399305,-0.02001265698,0.1246649723,0.2817100671,285.6240408,1541.284188,287.1129337,0.0,0.318,-5.72
0.1404408813,-0.4707469046,0.5782902837,13.63858052,-0.02753231362,0.1282622698,0.2809402661,285.6128192,1540.077722,287.0567316,0.0,0.32,-5.74
0.1503471285,-0.4609425962,0.578312099,13.64187543,-0.03197768828,0.1287561516,0.2637368905,285.6394667,1539.137332,287.0129015,0.0,0.305,-5.67
0.1307304353,-0.5113995671,0.5783261657,13.63964793,-0.006510430074,0.08043237128,0.2827577119,285.6100751,1542.842035,287.1854558,0.0,0.304,-5.65
0.1376173347,-0.4980662167,0.5751933455,13.64206419,-0.01450089468,0.1114383325,0.277839542,285.6552623,1543.371331,287.2100835,0.0,0.309,-5.66
0.1342945695,-0.4947329462,0.5768612623,13.64206419,-0.01450089468,0.1114383325,0.277839542,285.6552623,1543.371331,287.2100835,0.0,0.309,-5.66
0.1309612244,-0.4948785007,0.5784161091,13.64206419,-0.01450089468,0.1114383325,0.277839542,285.6552623,1543.371331,287.2100835,0.0,0.309,-5.66
0.136718154,-0.4863995612,0.5765484571,13.64074626,-0.01544428031,0.1184863755,0.2815922596,285.638019,1542.482568,287.1687265,0.0,0.315,-5.7
0.145950675,-0.4763995707,0.574777782,13.64286664,-0.01685920481,0.1277828709,0.2766562807,285.6670226,1541.608457,287.1280338,0.0,0.315,-5.69
0.1476173401,-0.4680662453,0.5766458511,13.64227055,-0.02302580692,0.1295364189,0.2708645907,285.652061,1540.283542,287.0663218,0.0,0.311,-5.69
0.1470137984,-0.4647329152,0.5780739188,13.64227055,-0.02302580692,0.1295364189,0.2708645907,285.652061,1540.283542,287.0663218,0.0,0.311,-5.69
0.1436804682,-0.4674135447,0.5782902837,13.64227055,-0.02302580692,0.1295364189,0.2708645907,285.652061,1540.283542,287.0663218,0.0,0.311,-5.69
0.1559506804,-0.4594070017,0.5775842667,13.64597101,-0.02352562918,0.1216324292,0.2590691695,285.6710292,1538.785715,286.996508,0.0,0.297,-5.63
0.1359506696,-0.5163995624,0.5758580565,13.64367792,-0.0232626712,0.0906519755,0.2739949685,285.7082467,1543.820573,287.2309814,0.0,0.299,-5.6
0.1359506696,-0.5063995719,0.5758580565,13.64263255,-0.01689100421,0.1016833632,0.276782603,285.678986,1543.840214,287.2318949,0.0,0.305,-5.63
0.145950675,-0.4963995814,0.5719736814,13.64414839,-0.01733662468,0.1169439249,0.2897844669,285.7072941,1543.814876,287.2307164,0.0,0.323,-5.7
0.145950675,-0.4863995612,0.5728334188,13.6434149,-0.01534165727,0.1236575694,0.2825751126,285.6852126,1542.873474,287.1869188,0.0,0.318,-5.69
0.1559506804,-0.4763995707,0.5718254447,13.64626867,-0.01464350356,0.1244014953,0.2815405292,285.706522,1541.312948,287.1142731,0.0,0.318,-5.7
0.1559506804,-0.4663995802,0.5748416185,13.64602429,-0.01722436184,0.1247086079,0.2700556784,285.6878853,1539.937702,287.0502068,0.0,0.308,-5.67
0.1659506708,-0.457390666,0.5766279101,13.64981982,-0.01313773508,0.1083015482,0.2538644978,285.694801,1538.627916,286.98915,0.0,0.286,-5.57
0.1359506696,-0.5263996124,0.5758580565,13.6440704,-0.03237105931,0.07578946376,0.2748642059,285.7434223,1543.303952,287.2069487,0.0,0.297,-5.58
0.145950675,-0.5163995624,0.5718069077,13.64537999,-0.03422239864,0.09503883418,0.3079800104,285.7583327,1544.333603,287.254841,0.0,0.334,-5.73
0.145950675,-0.5063995719,0.5718069077,13.64470172,-0.02449633157,0.1074432247,0.299037937,285.7328401,1544.298311,287.2531998,0.0,0.328,-5.72
0.1596671343,-0.4963995814,0.5682388544,13.64534811,-0.01075013952,0.1174493751,0.3134397237,285.7402324,1542.007001,287.1465895,0.0,0.344,-5.8
0.1603301764,-0.4903317392,0.5683885217,13.6450452,-0.005417491226,0.124157132,0.2999543443,285.7193773,1540.629414,287.0824358,0.0,0.334,-5.77
0.1546671391,-0.4963995516,0.5693907738,13.64708276,-0.02197557711,0.1132262986,0.3064421212,285.7453414,1543.684401,287.2246474,0.0,0.337,-5.75
0.1542840153,-0.4847328961,0.5705441833,13.64660124,-0.01631903529,0.1206442931,0.293765131,285.7263719,1542.6496,287.1765004,0.0,0.328,-5.73
0.1576173455,-0.4869983494,0.5694603324,13.64660124,-0.01631903529,0.1206442931,0.293765131,285.7263719,1542.6496,287.1765004,0.0,0.328,-5.73
0.1569968462,-0.4903316796,0.569157958,13.64660124,-0.01631903529,0.1206442931,0.293765131,285.7263719,1542.6496,287.1765004,0.0,0.328,-5.73
0.1699906141,-0.4808801711,0.5684083104,13.64801552,0.001310837552,0.1160043483,0.287631482,285.726867,1538.687117,286.9919106,0.0,0.32,-5.72
0.1642840058,-0.4747329056,0.570605576,13.64970151,-0.009729426548,0.1112951044,0.2791039373,285.7311359,1540.764452,287.0887263,0.0,0.31,-5.66
0.1676173359,-0.4775468409,0.569501102,13.64970151,-0.009729426548,0.1112951044,0.2791039373,285.7311359,1540.764452,287.0887263,0.0,0.31,-5.66
0.1666572839,-0.4808801711,0.5688308477,13.64970151,-0.009729426548,0.1112951044,0.2791039373,285.7311359,1540.764452,287.0887263,0.0,0.31,-5.66
0.1659506708,-0.4663995802,0.5729590058,13.64967741,-0.009571299514,0.1118325522,0.2662630593,285.7134591,1539.564608,287.0328186,0.0,0.299,-5.62
0.1776173562,-0.4580662549,0.5754398704,13.65313001,-0.001854522968,0.08997411396,0.2453527021,285.7083878,1539.16418,287.0141531,0.0,0.271,-5.49
0.1773444861,-0.4547329247,0.5770286918,13.65313001,-0.001854522968,0.08997411396,0.2453527021,285.7083878,1539.16418,287.0141531,0.0,0.271,-5.49
0.174011156,-0.4549207985,0.5770369172,13.65313001,-0.001854522968,0.08997411396,0.2453527021,285.7083878,1539.16418,287.0141531,0.0,0.271,-5.49
0.1806778163,-0.4513853788,0.5785202384,13.65352804,-0.006128901453,0.0824611787,0.237808071,285.6893802,1538.613929,286.9884978,0.0,0.261,-5.45
0.1593143344,-0.5163995624,0.5681592226,13.64612425,-0.03266343667,0.09367570586,0.3369085748,285.7697665,1543.414824,287.2121069,0.0,0.361,-5.85
0.1593143344,-0.5063995719,0.5681592226,13.6457025,-0.02022818708,0.1070828815,0.326541616,285.7582351,1542.990362,287.192358,0.0,0.354,-5.83
0.145950675,-0.5263996124,0.5718069077,13.6459047,-0.04759303463,0.07909744855,0.3134183421,285.7796215,1543.885664,287.2340089,0.0,0.336,-5.74
0.1543143243,-0.5163995624,0.5693087578,13.64805352,-0.04324864879,0.08897175805,0.327827473,285.7674284,1544.492229,287.262217,0.0,0.352,-5.81
0.1543143243,-0.5063995719,0.5693087578,13.64755534,-0.03130209707,0.1024021324,0.318350192,285.7599894,1544.306688,287.2535894,0.0,0.345,-5.78
0.1659506708,-0.4963995814,0.5673258901,13.64801847,-0.01011500922,0.1039253215,0.3139821627,285.7546934,1541.491515,287.1225885,0.0,0.34,-5.78
0.1676173359,-0.4880662858,0.5677121878,13.64793235,-0.002404513473,0.111877735,0.3014192409,285.7435443,1540.08344,287.056998,0.0,0.331,-5.75
0.1666572839,-0.4847329557,0.5682683587,13.64793235,-0.002404513473,0.111877735,0.3014192409,285.7435443,1540.08344,287.056998,0.0,0.331,-5.75
0.1633239537,-0.4869983494,0.5683885217,13.64793235,-0.002404513473,0.111877735,0.3014192409,285.7435443,1540.08344,287.056998,0.0,0.331,-5.75
0.1633239388,-0.4836650193,0.5688308477,13.64988177,-0.0138880908,0.1067338206,0.291303832,285.745504,1542.019036,287.1471497,0.0,0.32,-5.69
0.1759506613,-0.4803251326,0.5682798028,13.65079412,0.007970804927,0.09663945817,0.2766419019,285.7379336,1538.804412,286.9973798,0.0,0.303,-5.64
0.1759506762,-0.4753251076,0.5694634318,13.6528211,-0.0034122565,0.09127630916,0.2660560255,285.7388509,1540.856058,287.0929935,0.0,0.291,-5.57
0.1759506911,-0.4663995802,0.572153151,13.65289379,-0.0007789908576,0.09279471761,0.2556431733,285.7255773,1539.900813,287.0484876,0.0,0.282,-5.54
0.1859506816,-0.4563995898,0.5761329532,13.65579671,0.009142970277,0.06906694941,0.2357014996,285.7134606,1540.018907,287.0539909,0.0,0.255,-5.4
0.1859506816,-0.4513782859,0.5785160661,13.65621442,0.006890742573,0.06213140251,0.2316269473,285.6955207,1539.506894,287.0301286,0.0,0.25,-5.39
0.1593143344,-0.5263995528,0.5681592226,13.64655104,-0.04764453352,0.07793028257,0.3425246682,285.7744111,1543.171735,287.2007972,0.0,0.364,-5.86
0.1659506708,-0.516399622,0.5671674609,13.64849298,-0.03525199099,0.07996670409,0.334096398,285.7528785,1543.036163,287.1944892,0.0,0.355,-5.83
0.1659506708,-0.5063995719,0.5671674609,13.64823541,-0.02133886888,0.09283577045,0.3247520465,285.7577292,1542.572703,287.1729216,0.0,0.348,-5.8
0.1543143243,-0.5263996124,0.5693087578,13.64849287,-0.05761395919,0.07343448275,0.3333343894,285.7687605,1544.136719,287.2456851,0.0,0.356,-5.82
0.1759506762,-0.4963995814,0.566567421,13.65051341,-0.007405368888,0.08289859907,0.2966942332,285.7486437,1541.183383,287.1082391,0.0,0.318,-5.69
0.1759506911,-0.4863995612,0.5673779845,13.65057013,0.002029540786,0.09128064284,0.2874560943,285.7472148,1539.967407,287.051591,0.0,0.311,-5.67
0.1859506816,-0.4800297618,0.5682114363,13.65302833,0.014914663,0.0741715216,0.2607094583,285.7383258,1539.311983,287.0210432,0.0,0.281,-5.53
0.1859506816,-0.4750297666,0.5693929791,13.65539327,0.003470099807,0.06919272945,0.2498796857,285.7375071,1541.425824,287.1195295,0.0,0.269,-5.46
0.1859506816,-0.4663995802,0.5720098019,13.65551194,0.008063116382,0.07116933674,0.2424795534,285.7281214,1540.635056,287.0826986,0.0,0.262,-5.43
0.195950672,-0.4563995898,0.5761329532,13.65776967,0.01898767601,0.04752840276,0.2277968438,285.713122,1540.879218,287.0940722,0.0,0.243,-5.33
0.195950672,-0.4513782859,0.5785160661,13.65811355,0.01834325683,0.04137829469,0.2269754297,285.6968753,1540.364209,287.0700803,0.0,0.241,-5.33
0.1659506708,-0.5263996124,0.5671674609,13.64883226,-0.05165618925,0.06600388308,0.3420874584,285.744036,1542.796001,287.1833136,0.0,0.362,-5.86
0.1759506762,-0.5163995624,0.5664100051,13.65077501,-0.0340936751,0.06167591606,0.3152389819,285.7301942,1542.503468,287.1696993,0.0,0.333,-5.75
0.1759506762,-0.5063995719,0.5664100051,13.65061048,-0.01964028875,0.07259230556,0.3054072931,285.7422587,1542.16211,287.1538101,0.0,0.324,-5.71
0.1859506816,-0.4963996112,0.5664323568,13.65260345,-0.00323552386,0.06083261032,0.276797935,285.739486,1541.232007,287.1105036,0.0,0.293,-5.58
0.1859506816,-0.486399591,0.5672419667,13.65273019,0.007328255272,0.06851511363,0.2689743507,285.7425293,1540.274821,287.0659155,0.0,0.287,-5.55
0.195950672,-0.4800297916,0.5682114363,13.65477828,0.02111230287,0.05179024235,0.2458919864,285.7340712,1539.876537,287.0473563,0.0,0.262,-5.44
0.195950672,-0.4750297666,0.5693929791,13.65745792,0.009942129102,0.04765304522,0.2360520839,285.7326482,1542.092677,287.150578,0.0,0.251,-5.37
0.195950672,-0.4663995802,0.5720098019,13.65754115,0.01614689215,0.04940420858,0.2311561093,285.7255952,1541.418069,287.1191684,0.0,0.247,-5.35
0.2059506774,-0.4563995898,0.5761329532,13.65910457,0.02724402529,0.02684125365,0.22313171,285.7096853,1541.614421,287.1283115,0.0,0.236,-5.29
0.2059506774,-0.4513782859,0.5785160661,13.65934903,0.02776680498,0.02166368897,0.2239050154,285.6952532,1541.07769,287.1033165,0.0,0.236,-5.3
0.1759506762,-0.5263995528,0.5664100051,13.65105932,-0.05059746783,0.05045549372,0.3269005549,285.715906,1542.165782,287.1539811,0.0,0.344,-5.8
0.1859506816,-0.5163995624,0.5662751198,13.65281176,-0.03069034341,0.04344842464,0.2966000528,285.7167283,1541.987058,287.145661,0.0,0.311,-5.66
0.1859506816,-0.5063995719,0.5662751198,13.65265346,-0.01608240613,0.05213886828,0.2855335222,285.7302869,1541.921164,287.1425933,0.0,0.3,-5.61
0.195950672,-0.4963996112,0.5664323568,13.654376,0.0009693705864,0.04004918307,0.260580432,285.7316244,1541.457635,287.1210109,0.0,0.273,-5.48
0.195950672,-0.4863995612,0.5672419667,13.65448917,0.01226593314,0.04658452929,0.2527791889,285.7358991,1540.684146,287.0849854,0.0,0.267,-5.46
0.2059506774,-0.4800297618,0.5682114363,13.65604255,0.02642044947,0.03057597333,0.2352834638,285.7279364,1540.378976,287.0707683,0.0,0.248,-5.36
0.2059506774,-0.4750297666,0.5693929791,13.65898369,0.01588929185,0.0275009446,0.227099869,285.7263837,1542.747319,287.181048,0.0,0.239,-5.3
0.2059506774,-0.4663995802,0.5720098019,13.65897223,0.02318949335,0.02863360143,0.2240517943,285.7205286,1542.146449,287.1530811,0.0,0.237,-5.29
0.2159506679,-0.4563995898,0.5761329532,13.65990885,0.03389538852,0.008560542202,0.2213969075,285.7046105,1542.213146,287.1561859,0.0,0.234,-5.28
0.2159506828,-0.4513782859,0.5785160661,13.66001523,0.03534259288,0.004545300098,0.2216077793,285.6919977,1541.6193,287.1285387,0.0,0.234,-5.29
0.1859506816,-0.5263996124,0.5662751198,13.65313563,-0.04685762035,0.0348550279,0.3109565886,285.7004912,1541.468025,287.1214947,0.0,0.326,-5.73
0.195950672,-0.5163995624,0.5662751198,13.65465976,-0.02632291628,0.02655731669,0.2830170901,285.7094512,1541.750975,287.1346697,0.0,0.295,-5.59
0.195950672,-0.5063995719,0.5662751198,13.65444087,-0.01204936954,0.03310856618,0.270364785,285.7223732,1541.91801,287.1424465,0.0,0.282,-5.53
0.2059506774,-0.4963996112,0.5664323568,13.65580214,0.005378294989,0.02118412074,0.2497924588,285.7247245,1541.699096,287.1322542,0.0,0.26,-5.42
0.2059506774,-0.486399591,0.5672419667,13.655835,0.01687442895,0.02630860889,0.2415019935,285.7289326,1541.068764,287.1029008,0.0,0.253,-5.38
0.2159506828,-0.4800297916,0.5682114363,13.65688783,0.0306592298,0.01142782071,0.2302151381,285.720878,1540.820341,287.0913297,0.0,0.242,-5.33
0.2159506679,-0.4750297666,0.5693929791,13.66003542,0.02124003733,0.00971060802,0.2237610771,285.7193855,1543.380076,287.2104903,0.0,0.235,-5.27
0.2159506679,-0.4663995802,0.5720098019,13.65990551,0.02908876048,0.01018186502,0.2215792999,285.7141641,1542.788999,287.1829877,0.0,0.233,-5.27
0.2259506732,-0.4563995898,0.5761329532,13.6602146,0.03927757923,-0.005993545106,0.2213614327,285.6987583,1542.630308,287.1756025,0.0,0.234,-5.28
0.2259506732,-0.4513782859,0.5785160661,13.66015228,0.04143643312,-0.008832861697,0.2191530133,285.6879885,1541.960954,287.1444458,0.0,0.233,-5.28
0.195950672,-0.5263995528,0.5662751198,13.65507118,-0.04148520754,0.02054028152,0.2991974807,285.6936274,1541.053427,287.1021865,0.0,0.312,-5.68
0.2059506774,-0.516399622,0.5662751198,13.65624832,-0.02088325135,0.01151076089,0.2751427347,285.7043405,1541.75562,287.134886,0.0,0.286,-5.55
0.2059506774,-0.5063995719,0.5662751198,13.65593891,-0.007339874074,0.01605718731,0.2608470863,285.716206,1542.021971,287.1472864,0.0,0.271,-5.47
0.2159506828,-0.4963996112,0.5664323568,13.65687327,0.009649328174,0.004650711681,0.2449631433,285.7180186,1541.962605,287.1445226,0.0,0.255,-5.39
0.2159506828,-0.4863995612,0.5672419667,13.65678999,0.02090097418,0.008269837173,0.2361526438,285.7217304,1541.436938,287.1200471,0.0,0.247,-5.35
0.2259506732,-0.4800297618,0.5682114363,13.65737038,0.03393907565,-0.004653319504,0.2302499839,285.7131653,1541.205936,287.1092894,0.0,0.242,-5.33
0.2259506732,-0.4750297666,0.5693929791,13.66063445,0.0261696745,-0.004678589588,0.2251906467,285.7118337,1543.917398,287.2354849,0.0,0.236,-5.28
0.2259506732,-0.4663995802,0.5720098019,13.66036867,0.03409793127,-0.004688087748,0.2226481523,285.7071042,1543.285746,287.2061017,0.0,0.235,-5.28
0.2359506786,-0.4563995898,0.5761329532,13.66001836,0.04370371393,-0.01586121003,0.2218412454,285.6925968,1542.835601,287.1851564,0.0,0.236,-5.29
0.2359506637,-0.4513782859,0.5785160661,13.65977283,0.04636245939,-0.01775922501,0.2161192175,285.6837376,1542.114335,287.1515862,0.0,0.231,-5.27
0.2059506774,-0.5263996124,0.5662751794,13.65674094,-0.03477199165,0.007909159241,0.2927094917,285.6897384,1540.995633,287.0994947,0.0,0.304,-5.64
0.2159506679,-0.5163995624,0.5662751198,13.65756125,-0.01455299497,-0.001299485036,0.2725955987,285.6994434,1541.879283,287.1406435,0.0,0.283,-5.54
0.2159506679,-0.5063995719,0.5662751198,13.65712501,-0.002320714425,0.001334415298,0.2570616311,285.7103644,1542.194934,287.1553381,0.0,0.267,-5.45
0.2259506732,-0.4963996112,0.5664323568,13.65755265,0.01396562792,-0.008937015201,0.245693018,285.7109175,1542.239992,287.1574355,0.0,0.256,-5.4
0.2259506732,-0.486399591,0.5672419667,13.65737273,0.02446593056,-0.00675604012,0.236393382,285.714071,1541.781893,287.1361092,0.0,0.247,-5.35
0.2359506637,-0.4800297916,0.5682114363,13.657489,0.03649730468,-0.01651234064,0.2339026687,285.7048464,1541.494606,287.1227324,0.0,0.247,-5.35
0.2359506786,-0.4750297666,0.5693929791,13.66074683,0.03082269816,-0.01464755411,0.2298383907,285.7037542,1544.24965,287.2509369,0.0,0.242,-5.31
0.2359506786,-0.4663995802,0.5720098019,13.66034135,0.03845223381,-0.01491270889,0.2257004729,285.699636,1543.566232,287.2191505,0.0,0.239,-5.3
0.245950684,-0.4563995898,0.5761329532,13.65931062,0.04731169188,-0.02073293425,0.2224482526,285.6862577,1542.825971,287.1847082,0.0,0.238,-5.3
0.245950684,-0.4513782859,0.5785160661,13.65890699,0.05019578495,-0.0221147438,0.2129432937,285.6794033,1542.089679,287.1504384,0.0,0.229,-5.26
0.2159506679,-0.5263996124,0.5662751198,13.65818318,-0.02693394175,-0.002766656992,0.2914156533,285.6856954,1541.144122,287.1064105,0.0,0.302,-5.63
0.2259506732,-0.5163995624,0.5662751198,13.65847667,-0.007379026046,-0.01144020795,0.2748130481,285.6939467,1542.062379,287.1491675,0.0,0.285,-5.55
0.2259506732,-0.5063995719,0.5662751198,13.65790426,0.003209197861,-0.0105542882,0.2584930313,285.7040659,1542.413037,287.1654902,0.0,0.268,-5.46
0.2359506786,-0.4963996112,0.5664323568,13.65782736,0.01834427492,-0.01879168346,0.2508167404,285.7030132,1542.481464,287.1686751,0.0,0.262,-5.43
0.2359506935,-0.4863995612,0.5672419667,13.65757619,0.02770317637,-0.0177633925,0.2409096671,285.7057259,1542.058482,287.1489861,0.0,0.253,-5.38
0.245950684,-0.4800297618,0.5682114363,13.65719885,0.03852627709,-0.02325528179,0.2394919496,285.69586,1541.684416,287.1315707,0.0,0.253,-5.39
0.245950684,-0.4750297666,0.5693929791,13.66030994,0.03517480128,-0.0196270646,0.2362574152,285.6950645,1544.340849,287.2551779,0.0,0.249,-5.35
0.245950684,-0.4663995802,0.5720098019,13.65977978,0.04224203474,-0.02000503081,0.229639971,285.6918072,1543.615388,287.2214371,0.0,0.244,-5.33
0.2559506595,-0.4563995898,0.5761329532,13.65811909,0.05001272671,-0.02097919266,0.2235840355,285.6795468,1542.625,287.1753555,0.0,0.24,-5.32
0.2559506893,-0.4513782859,0.5785160661,13.65761645,0.05285683214,-0.02230334469,0.2106050929,285.6748239,1541.909577,287.1420539,0.0,0.228,-5.25
0.2259506732,-0.5263996124,0.5662751198,13.65924072,-0.01772238175,-0.01105500251,0.2944546906,285.6808652,1541.325657,287.1148649,0.0,0.305,-5.65
0.2359506637,-0.5163995624,0.5662751198,13.65891166,0.0005523679178,-0.01861817798,0.2807839436,285.6874282,1542.229742,287.1569584,0.0,0.291,-5.57
0.2359506786,-0.5063995719,0.5662751198,13.65824442,0.009160584409,-0.01908048348,0.2640830293,285.6968369,1542.604868,287.1744185,0.0,0.275,-5.49
0.245950684,-0.4963996112,0.5664323568,13.65763883,0.02270925773,-0.02424101295,0.2588782175,285.6939911,1542.645766,287.176322,0.0,0.271,-5.47
0.245950684,-0.486399591,0.5672419667,13.65734858,0.03066998004,-0.02393972395,0.2480564791,285.6964776,1542.244372,287.1576394,0.0,0.261,-5.43
0.2559506893,-0.4800297916,0.5682114363,13.65646727,0.03996710904,-0.02471700138,0.2459266858,285.6859807,1541.845112,287.1390526,0.0,0.26,-5.43
0.2559506595,-0.4750297666,0.5693929791,13.65929549,0.03893546556,-0.01978984582,0.2436265636,285.6855152,1544.237694,287.250381,0.0,0.257,-5.39
0.2559506595,-0.4663995802,0.5720098019,13.65868264,0.04530091819,-0.02024249156,0.2341803366,285.683396,1543.459723,287.2141957,0.0,0.249,-5.36
0.2659506798,-0.4563995898,0.5761329532,13.65650697,0.0516515288,-0.01752642368,0.2258624476,285.6719831,1542.457991,287.1675826,0.0,0.242,-5.33
0.2659506798,-0.4513782859,0.5785160661,13.65598279,0.05425963353,-0.0191440971,0.210018077,285.6695422,1541.743757,287.1343336,0.0,0.227,-5.25
0.2359506786,-0.5263996124,0.5662751198,13.6597637,-0.007499253699,-0.01688119388,0.3006954832,285.6750169,1541.468429,287.1215135,0.0,0.311,-5.67
0.245950684,-0.5163995624,0.5662751198,13.65880068,0.008907357618,-0.02246136986,0.2894958347,285.6795659,1542.355217,287.162799,0.0,0.3,-5.62
0.245950684,-0.5063995719,0.5662751198,13.65808814,0.01532532186,-0.02374358615,0.2725954429,285.6883373,1542.733443,287.1804023,0.0,0.284,-5.54
0.2559506893,-0.4963996112,0.5664323568,13.65694626,0.02667493373,-0.02510005371,0.2686146025,285.6835599,1542.809242,287.1839297,0.0,0.281,-5.52
0.2559506893,-0.4863995612,0.5672419667,13.6566492,0.03314723737,-0.02508588479,0.2565337183,285.6860551,1542.419098,287.1657723,0.0,0.269,-5.47
0.2659506798,-0.4800297618,0.5682114363,13.65530398,0.04061984071,-0.02160387415,0.2527748347,285.6748166,1542.107916,287.1512874,0.0,0.267,-5.46
0.2659506798,-0.4750297666,0.5693929791,13.65773178,0.04174162205,-0.01602674765,0.2516402644,285.6747004,1544.128633,287.2453091,0.0,0.265,-5.44
0.2659506798,-0.4663995802,0.5720098019,13.65709502,0.0473850929,-0.01657508593,0.2394731123,285.6739441,1543.305285,287.2070108,0.0,0.254,-5.39
0.2759506702,-0.4563995898,0.5761329532,13.65456324,0.05208914466,-0.01165568255,0.2294957255,285.6629137,1542.465852,287.1679485,0.0,0.245,-5.35
0.2759506702,-0.4513782859,0.5785160661,13.65409809,0.05437151106,-0.01376223233,0.2114710772,285.6628777,1541.753967,287.134809,0.0,0.228,-5.26
0.245950684,-0.5263996124,0.5662751198,13.65973601,0.003246253282,-0.01997268532,0.3094898715,285.6677832,1541.624417,287.128777,0.0,0.32,-5.72
0.2559506893,-0.516399622,0.5662751198,13.65809538,0.01706550683,-0.02292823831,0.3000257728,285.670118,1542.50999,287.1700028,0.0,0.311,-5.67
0.2559506893,-0.5063996315,0.5662751198,13.65739966,0.02120972468,-0.02441769734,0.2829470896,285.6782859,1542.879358,287.1871926,0.0,0.294,-5.59
0.2659506798,-0.4963996112,0.5664323568,13.65576268,0.02974901444,-0.02187378955,0.279166237,285.6714275,1543.069904,287.1960591,0.0,0.291,-5.57
0.2659506798,-0.486399591,0.5672419667,13.6554838,0.03478732304,-0.02181341931,0.2655935868,285.674116,1542.706963,287.17917,0.0,0.278,-5.51
0.2759506702,-0.4800297916,0.5682114363,13.6537756,0.04027470854,-0.01527755692,0.2598742422,285.6619065,1542.557007,287.172191,0.0,0.273,-5.49
0.2759506702,-0.4750297666,0.5693929791,13.65570666,0.0432722946,-0.009661393702,0.2601315983,285.6621591,1544.207846,287.2489929,0.0,0.273,-5.48
0.2759506702,-0.4663995802,0.5720098019,13.65510461,0.048265074,-0.01036312348,0.2455583982,285.6628783,1543.346575,287.2089317,0.0,0.26,-5.42
0.2859506905,-0.4563995898,0.5761329532,13.65239744,0.05121843574,-0.004703995523,0.2341213356,285.6517106,1542.65683,287.1768368,0.0,0.249,-5.37
0.2859506905,-0.4513782859,0.5785160661,13.65205841,0.05318035581,-0.007357386538,0.2145308625,285.6540966,1541.953562,287.1441016,0.0,0.231,-5.28
0.2559506595,-0.5263995528,0.5662751198,13.65909665,0.01408221433,-0.0205184974,0.3198085688,285.6590391,1541.789083,287.136444,0.0,0.33,-5.76
0.2659506798,-0.5163995624,0.5662751198,13.65684668,0.02430254908,-0.0203402663,0.3116292848,285.6588758,1542.682407,287.1780272,0.0,0.323,-5.72
0.2659506798,-0.5063995719,0.5662751198,13.65618765,0.02618027618,-0.02144061273,0.2943056585,285.6664355,1543.093141,287.1971403,0.0,0.306,-5.64
0.2759506702,-0.4963996112,0.5664323568,13.65416356,0.03151662921,-0.01561203271,0.2900383356,285.6573393,1543.47784,287.2150385,0.0,0.302,-5.63
0.2759506702,-0.4863995612,0.5672419667,13.65392355,0.03528306795,-0.01537603887,0.2748531445,285.6603119,1543.16313,287.2003968,0.0,0.287,-5.56
0.2859506607,-0.4800297618,0.5682114363,13.65199146,0.03882934971,-0.007299626823,0.2669749911,285.6468924,1543.041586,287.1947415,0.0,0.279,-5.52
0.2859506905,-0.4750297666,0.5693929791,13.65335069,0.04333465254,-0.002072545445,0.2687665623,285.6475325,1544.418483,287.2587879,0.0,0.282,-5.53
0.2859506607,-0.4663995802,0.5720098019,13.65283362,0.04778306992,-0.00300381643,0.2521136807,285.6497019,1543.53954,287.2179088,0.0,0.266,-5.45
0.2942840159,-0.4580662549,0.5753880739,13.65013558,0.04893991905,0.00222636041,0.2390435197,285.637967,1542.932146,287.189649,0.0,0.254,-5.4
0.297617346,-0.454811722,0.5769768357,13.65013558,0.04893991905,0.00222636041,0.2390435197,285.637967,1542.932146,287.189649,0.0,0.254,-5.4
0.2948676348,-0.4514783919,0.5785202384,13.65013558,0.04893991905,0.00222636041,0.2390435197,285.637967,1542.932146,287.189649,0.0,0.254,-5.4
0.2915343046,-0.4513853788,0.5785202384,13.64997107,0.05062735908,-0.0009614552125,0.2183549502,285.6426164,1542.2849,287.1595259,0.0,0.234,-5.29
0.2659506798,-0.5263996124,0.5662751198,13.65779998,0.02404128234,-0.01837343466,0.3311120076,285.6486043,1541.980571,287.1453591,0.0,0.342,-5.81
0.2759506702,-0.5163995624,0.5662751198,13.65514252,0.03006807438,-0.01521247003,0.3238002206,285.6456803,1542.921694,287.1891626,0.0,0.335,-5.78
0.2759506702,-0.5063995719,0.5662751198,13.65454002,0.02970386032,-0.01563297994,0.3061649288,285.6525956,1543.410567,287.2119089,0.0,0.318,-5.7
0.2859506607,-0.4963996112,0.5664323568,13.65227796,0.03180317268,-0.007587326121,0.3009020071,285.6411626,1543.929041,287.2360264,0.0,0.312,-5.67
0.2859506607,-0.486399591,0.5672419667,13.65208907,0.03450930646,-0.007231357974,0.2840172345,285.644412,1543.632812,287.2222476,0.0,0.296,-5.6
0.295950681,-0.4801676571,0.5682433248,13.65008336,0.0362920699,0.00100120161,0.2736639111,285.6296709,1543.352999,287.2092306,0.0,0.286,-5.56
0.295950681,-0.4751676619,0.5694258213,13.65082498,0.04186742664,0.005636058544,0.2770744056,285.6306962,1544.623194,287.2683064,0.0,0.29,-5.57
0.295950681,-0.4663995802,0.5720767379,13.65042671,0.04584627239,0.004377010865,0.258582091,285.6341617,1543.76212,287.2282625,0.0,0.272,-5.49
0.3059506714,-0.4570919871,0.5764861703,13.64791297,0.04517381476,0.008430209018,0.2435709037,285.6215975,1543.434421,287.2130186,0.0,0.257,-5.42
0.2759506702,-0.5263996124,0.5662751198,13.65599217,0.03234135544,-0.01394503874,0.3430593251,285.6363028,1542.214098,287.1562302,0.0,0.354,-5.86
0.2859506607,-0.5163995624,0.5662751198,13.65309249,0.03398505948,-0.008312707273,0.3361985861,285.6305064,1543.272159,287.2054696,0.0,0.348,-5.83
0.2859506607,-0.5063995719,0.5662751198,13.65259133,0.03152928082,-0.008052844992,0.3181790106,285.6366989,1543.817288,287.2308286,0.0,0.329,-5.75
0.295950681,-0.4963996112,0.5664954185,13.65025182,0.03067567256,0.001063287735,0.3114174572,285.6229668,1544.30851,287.2536741,0.0,0.323,-5.72
0.295950681,-0.4863995612,0.5673055053,13.65012291,0.0325289622,0.001355317266,0.2927219975,285.6264162,1543.981679,287.2384746,0.0,0.304,-5.64
0.3026093841,-0.4806702137,0.568359673,13.64818844,0.03274895006,0.008719401578,0.2794885512,285.6104482,1543.636385,287.2224138,0.0,0.291,-5.59
0.3076173365,-0.4747329056,0.5702932477,13.64829956,0.03892112413,0.01271950462,0.2845233565,285.6118167,1544.967839,287.2843293,0.0,0.297,-5.61
0.305942744,-0.4780662358,0.5693215728,13.64829956,0.03892112413,0.01271950462,0.2845233565,285.6118167,1544.967839,287.2843293,0.0,0.297,-5.61
0.3026093841,-0.4773368835,0.5691486001,13.64829956,0.03892112413,0.01271950462,0.2845233565,285.6118167,1544.967839,287.2843293,0.0,0.297,-5.61
0.3059506714,-0.4663995802,0.5726800561,13.6480371,0.04242727146,0.01105042244,0.2643714155,285.6163181,1544.180393,287.2477162,0.0,0.278,-5.52
0.3159506917,-0.4588317573,0.5773115754,13.64585882,0.03987757747,0.01359683424,0.2472401756,285.6028279,1544.344212,287.2553343,0.0,0.26,-5.43
0.3222791851,-0.460464716,0.5780857205,13.64407557,0.03306931073,0.01772518587,0.2498922028,285.5821197,1545.381821,287.3035722,0.0,0.262,-5.44
0.2859506607,-0.5263996124,0.5662751198,13.65382924,0.03872471601,-0.008130127801,0.3552145976,285.6221613,1542.52406,287.1706576,0.0,0.367,-5.92
0.295950681,-0.5163995624,0.5663381219,13.65089554,0.03593091656,-0.0004701563946,0.3484377041,285.6134819,1543.712575,287.2259579,0.0,0.36,-5.88
0.295950681,-0.5063995719,0.5663381219,13.65049369,0.0316986561,0.000331091313,0.3299351059,285.6188543,1544.228559,287.2499561,0.0,0.341,-5.8
0.3059506714,-0.4963995814,0.5670633912,13.64822913,0.02839459083,0.009463871959,0.3211076502,285.6030662,1544.666804,287.270334,0.0,0.332,-5.77
0.3042840064,-0.4880662262,0.5674883723,13.6481631,0.02952567285,0.009496312845,0.3005510632,285.606602,1544.255008,287.2511861,0.0,0.312,-5.68
0.3076173365,-0.4860290587,0.568092525,13.6481631,0.02952567285,0.009496312845,0.3005510632,285.606602,1544.255008,287.2511861,0.0,0.312,-5.68
0.3059427142,-0.4826957285,0.568359673,13.6481631,0.02952567285,0.009496312845,0.3005510632,285.606602,1544.255008,287.2511861,0.0,0.312,-5.68
0.3092760742,-0.4826957285,0.5687014461,13.64866452,0.03569275393,0.01348613407,0.304145284,285.6078445,1545.518982,287.3099469,0.0,0.316,-5.69
0.3159506619,-0.4763995707,0.5713031292,13.64592963,0.03460658436,0.01880082778,0.2907015256,285.5913259,1545.638863,287.3155182,0.0,0.303,-5.63
0.3159506619,-0.4663995802,0.5743045807,13.64580946,0.03754487425,0.01666936996,0.2690628289,285.5965188,1544.966061,287.2842466,0.0,0.282,-5.54
0.313321799,-0.4963996112,0.5680484176,13.64634507,0.02527853841,0.0170752192,0.3295275531,285.5820113,1545.167493,287.2936102,0.0,0.341,-5.81
0.3122702241,-0.4893623888,0.5682613254,13.64633546,0.02572839382,0.01667656886,0.3070952014,285.5855033,1544.669267,287.2704485,0.0,0.318,-5.71
0.3259506822,-0.4763996005,0.5739884377,13.64384447,0.02907996012,0.02382915429,0.2954621388,285.5698426,1546.277815,287.3452069,0.0,0.307,-5.65
0.3242840171,-0.4680662453,0.5758875012,13.64386515,0.0312841287,0.02121025975,0.2725223775,285.5753175,1545.803484,287.3231681,0.0,0.285,-5.55
0.3276173174,-0.4665581882,0.577535212,13.64386515,0.0312841287,0.02121025975,0.2725223775,285.5753175,1545.803484,287.3231681,0.0,0.285,-5.55
0.3256125152,-0.463224858,0.5780857205,13.64386515,0.0312841287,0.02121025975,0.2725223775,285.5753175,1545.803484,287.3231681,0.0,0.285,-5.55
0.3342412412,-0.4763996005,0.5770722628,13.64214016,0.02256007821,0.02796398403,0.2989282526,285.548077,1546.66527,287.3632055,0.0,0.311,-5.68
0.3321956396,-0.4698915184,0.5779779553,13.64228537,0.02381820558,0.02487525515,0.2749120907,285.5533934,1546.30771,287.3465958,0.0,0.287,-5.56
0.295950681,-0.5263995528,0.5663381219,13.65152632,0.04292894353,-0.001193543503,0.3672315866,285.6062737,1543.006164,287.1930932,0.0,0.379,-5.97
0.3059506714,-0.516399622,0.5669053793,13.64873136,0.03609809542,0.007563149003,0.3601087699,285.5949226,1544.324633,287.2544238,0.0,0.372,-5.93
0.3059506714,-0.5063995719,0.5669053197,13.64840809,0.03044834999,0.008727103616,0.3409883511,285.599382,1544.702566,287.2719967,0.0,0.352,-5.85
0.3183217943,-0.4963995814,0.5690740943,13.64653041,0.03112263518,0.02032078434,0.3328870681,285.5834214,1546.308907,287.3466514,0.0,0.345,-5.82
0.3176173568,-0.4847328961,0.5699887872,13.64618029,0.0320521549,0.02000918731,0.3120846727,285.5870256,1546.130938,287.3383832,0.0,0.324,-5.73
0.3156035542,-0.4880662262,0.5691193938,13.64618029,0.0320521549,0.02000918731,0.3120846727,285.5870256,1546.130938,287.3383832,0.0,0.324,-5.73
0.3122702241,-0.4860291183,0.5687014461,13.64618029,0.0320521549,0.02000918731,0.3120846727,285.5870256,1546.130938,287.3383832,0.0,0.324,-5.73
0.3137135804,-0.5163995624,0.5679690838,13.64673807,0.03482698837,0.01532838399,0.3708130294,285.5752713,1545.239137,287.2969403,0.0,0.382,-5.97
0.3137136102,-0.5063995719,0.5679690242,13.64647502,0.02814034939,0.0165697085,0.3508971955,285.5788087,1545.393355,287.3041083,0.0,0.362,-5.89
0.3259506822,-0.4963995814,0.5712046027,13.64425192,0.02720281471,0.02632355628,0.340892511,285.5621166,1546.865247,287.3724937,0.0,0.353,-5.85
0.3259506822,-0.486399591,0.5720579624,13.64398309,0.02733728395,0.02553495819,0.3184313205,285.5654966,1546.630507,287.3615907,0.0,0.33,-5.75
0.3359506726,-0.4963996112,0.5749785304,13.64239072,0.02260825593,0.03154743954,0.34725549,285.5410075,1547.36781,287.3958321,0.0,0.359,-5.88
0.3421878219,-0.4963996112,0.5778480172,13.64102368,0.0176776866,0.03625267327,0.3522646628,285.5208174,1548.124412,287.430957,0.0,0.364,-5.9
0.3342839777,-0.4880662262,0.5748849511,13.64218454,0.02182497715,0.03020012463,0.3232822,285.5439913,1547.010666,287.3792474,0.0,0.335,-5.78
0.3376173675,-0.4853326082,0.5767419338,13.64218454,0.02182497715,0.03020012463,0.3232822,285.5439913,1547.010666,287.3792474,0.0,0.335,-5.78
0.3374264538,-0.4819992781,0.577137351,13.64218454,0.02182497715,0.03020012463,0.3232822,285.5439913,1547.010666,287.3792474,0.0,0.335,-5.78
0.3416696489,-0.4886659086,0.5781330466,13.64085513,0.01583365858,0.03431547866,0.3270223287,285.5232232,1547.522797,287.4030283,0.0,0.339,-5.8
0.3059506714,-0.5263996124,0.5669053793,13.64922443,0.04490246728,0.006073391695,0.3786739284,285.5890519,1543.745284,287.2274794,0.0,0.391,-6.01
0.3187136054,-0.5163995624,0.568992734,13.64753831,0.03832414313,0.01847538355,0.3710950316,285.5767547,1545.879104,287.326682,0.0,0.383,-5.97
0.3187136054,-0.5063995719,0.568992734,13.64698282,0.03297153735,0.01976341877,0.3526775579,285.5801732,1546.202602,287.3417127,0.0,0.364,-5.89
0.3137136102,-0.5263996124,0.5679690242,13.64716144,0.04482955184,0.01346549707,0.3893054333,285.5707293,1544.818958,287.277408,0.0,0.402,-6.05
0.3259506822,-0.5163995624,0.5710391402,13.64513665,0.03586736369,0.02494137399,0.3815037636,285.556885,1546.836841,287.3711744,0.0,0.394,-6.01
0.3259506822,-0.5063995719,0.5710391402,13.64465473,0.02979429448,0.02608581263,0.3621294759,285.5594057,1546.950465,287.3764515,0.0,0.374,-5.93
0.3359506726,-0.5163995624,0.5748071074,13.64322174,0.032450487,0.03093728301,0.390156767,285.5372797,1547.921694,287.4215471,0.0,0.402,-6.04
0.342346549,-0.5163995624,0.5777606964,13.64186186,0.02847830971,0.03654933305,0.3969583332,285.5187427,1549.357132,287.4881578,0.0,0.409,-6.06
0.3359507024,-0.5063995719,0.5748071074,13.64276928,0.02591068066,0.03177116713,0.3698680375,285.5388904,1547.767502,287.4143892,0.0,0.382,-5.97
0.342346549,-0.5063995719,0.5777606964,13.641405,0.02169117324,0.03699462118,0.3760101617,285.5193868,1548.88495,287.4662516,0.0,0.388,-5.99
0.3187136054,-0.5263995528,0.568992734,13.6482038,0.04699333688,0.01657170812,0.3880382159,285.5725865,1545.482263,287.3082404,0.0,0.401,-6.04
0.3259506822,-0.5263996124,0.5710391402,13.64575759,0.0453219357,0.02267101281,0.3984294482,285.5541377,1546.547905,287.3577539,0.0,0.411,-6.08
0.3359507024,-0.5263996124,0.5748071074,13.6438348,0.04227968108,0.02851807882,0.4069811216,285.5361249,1547.713996,287.4119052,0.0,0.42,-6.11
0.342346549,-0.5263996124,0.5777606964,13.64251197,0.03820790772,0.03396984455,0.4134278447,285.5193254,1549.119139,287.4771171,0.0,0.426,-6.13
